#w 1.2 x -10 14 y -10 10
arrow -9 -8 -6 -8
arrow -9 -4 -6 -4
arrow -9 -0 -6  0
arrow -9  4 -6  4
arrow -9  8 -6  8
-9 1 "Sunlight"
#m 2
circ 5 0 8
#m 1 cs 0.8 
4 9.5 "Moon's orbit"
4.45 0 "Earth"
circ 5 0 1
circ 5 0 1.02
circ 5 0 0.98
circ -0.656842991253154 5.6568655077092 0.8
circ -0.656842991253154 5.6568655077092 0.78
circ -0.656842991253154 5.6568655077092 0.82
#cm 3
line -6.568430e-01 6.456866e+00 -6.568430e-01 4.856866e+00
line -5.568430e-01 6.450591e+00 -5.568430e-01 4.863140e+00
line -4.568430e-01 6.431462e+00 -4.568430e-01 4.882269e+00
line -3.568430e-01 6.398485e+00 -3.568430e-01 4.915246e+00
line -2.568430e-01 6.349686e+00 -2.568430e-01 4.964045e+00
line -1.568430e-01 6.281365e+00 -1.568430e-01 5.032366e+00
line -5.684299e-02 6.186016e+00 -5.684299e-02 5.127715e+00
line 4.315701e-02 6.044164e+00 4.315701e-02 5.269567e+00
line 1.431570e-01 5.656866e+00 1.431570e-01 5.656865e+00
#cm 1
line 5 0 -0.656842991253154 5.6568655077092
line -2.353903e+00 3.959813e+00 1.040217e+00 7.353918e+00
line -1.288803e+00 5.166329e+00 -1.663038e-01 6.288824e+00
line -1.345988e+00 5.250566e+00 -2.505404e-01 6.346009e+00
line -1.393380e+00 5.344595e+00 -3.445691e-01 6.393401e+00
line -1.429584e+00 5.449812e+00 -4.497862e-01 6.429606e+00
line -1.451985e+00 5.568832e+00 -5.688068e-01 6.452007e+00
line -1.455273e+00 5.706965e+00 -7.069397e-01 6.455295e+00
line -1.425679e+00 5.877981e+00 -8.779549e-01 6.425702e+00
line -1.222527e+00 6.222552e+00 -1.222527e+00 6.222552e+00
