line 0.000000e+00 1.200000e+00 7.986673e-01 1.194005e+00
line 8.000000e+00 0.000000e+00 7.990002e+00 3.998334e-01
line 7.986673e-01 1.194005e+00 1.589355e+00 1.176080e+00
line 7.960033e+00 7.986673e-01 7.910169e+00 1.195505e+00
line 1.589355e+00 1.176080e+00 2.364162e+00 1.146404e+00
line 7.840533e+00 1.589355e+00 7.751299e+00 1.979232e+00
line 2.364162e+00 1.146404e+00 3.115347e+00 1.105273e+00
line 7.642692e+00 2.364162e+00 7.514982e+00 2.743182e+00
line 3.115347e+00 1.105273e+00 3.835404e+00 1.053099e+00
line 7.368488e+00 3.115347e+00 7.203577e+00 3.479724e+00
line 3.835404e+00 1.053099e+00 4.517140e+00 9.904027e-01
line 7.020660e+00 3.835404e+00 6.820196e+00 4.181498e+00
line 4.517140e+00 9.904027e-01 5.153741e+00 9.178106e-01
line 6.602685e+00 4.517140e+00 6.368670e+00 4.841491e+00
line 5.153741e+00 9.178106e-01 5.738849e+00 8.360481e-01
line 6.118737e+00 5.153741e+00 5.853511e+00 5.453110e+00
line 5.738849e+00 8.360481e-01 6.266615e+00 7.459320e-01
line 5.573654e+00 5.738849e+00 5.279865e+00 6.010243e+00
line 6.266615e+00 7.459320e-01 6.731768e+00 6.483628e-01
line 4.972880e+00 6.266615e+00 4.653465e+00 6.507324e+00
line 6.731768e+00 6.483628e-01 7.129659e+00 5.443153e-01
line 4.322418e+00 6.731768e+00 3.980568e+00 6.939386e+00
line 7.129659e+00 5.443153e-01 7.456313e+00 4.348293e-01
line 3.628769e+00 7.129659e+00 3.267900e+00 7.302112e+00
line 7.456313e+00 4.348293e-01 7.708465e+00 3.209986e-01
line 2.898862e+00 7.456313e+00 2.522579e+00 7.591877e+00
line 7.708465e+00 3.209986e-01 7.883598e+00 2.039606e-01
line 2.139991e+00 7.708465e+00 1.752053e+00 7.805787e+00
line 7.883598e+00 2.039606e-01 7.979960e+00 8.488464e-02
line 1.359737e+00 7.883598e+00 9.640222e-01 7.941704e+00
line 7.979960e+00 8.488464e-02 7.996589e+00 -3.503943e-02
line 5.658976e-01 7.979960e+00 1.663586e-01 7.998270e+00
line 7.996589e+00 -3.503943e-02 7.933318e+00 -1.546134e-01
line -2.335962e-01 7.996589e+00 -6.329671e-01 7.974920e+00
line 7.933318e+00 -1.546134e-01 7.790781e+00 -2.726425e-01
line -1.030756e+00 7.933318e+00 -1.425968e+00 7.871888e+00
line 7.790781e+00 -2.726425e-01 7.570401e+00 -3.879475e-01
line -1.817617e+00 7.790781e+00 -2.204722e+00 7.690202e+00
line 7.570401e+00 -3.879475e-01 7.274379e+00 -4.993762e-01
line -2.586317e+00 7.570401e+00 -2.961447e+00 7.431678e+00
line 7.274379e+00 -4.993762e-01 6.905675e+00 -6.058153e-01
line -3.329175e+00 7.274379e+00 -3.688582e+00 7.098899e+00
line 6.905675e+00 -6.058153e-01 6.467971e+00 -7.062013e-01
line -4.038769e+00 6.905675e+00 -4.378861e+00 6.695190e+00
line 6.467971e+00 -7.062013e-01 5.965642e+00 -7.995312e-01
line -4.708009e+00 6.467971e+00 -5.025389e+00 6.224586e+00
line 5.965642e+00 -7.995312e-01 5.403705e+00 -8.848725e-01
line -5.330208e+00 5.965642e+00 -5.621705e+00 5.691787e+00
line 5.403705e+00 -8.848725e-01 4.787777e+00 -9.613723e-01
line -5.899150e+00 5.403705e+00 -6.161850e+00 5.102118e+00
line 4.787777e+00 -9.613723e-01 4.124011e+00 -1.028267e+00
line -6.409149e+00 4.787777e+00 -6.640428e+00 4.461470e+00
line 4.124011e+00 -1.028267e+00 3.419039e+00 -1.084887e+00
line -6.855110e+00 4.124011e+00 -7.052658e+00 3.776244e+00
line 3.419039e+00 -1.084887e+00 2.679905e+00 -1.130667e+00
line -7.232577e+00 3.419039e+00 -7.394419e+00 3.053288e+00
line 2.679905e+00 -1.130667e+00 1.913995e+00 -1.165150e+00
line -7.537779e+00 2.679905e+00 -7.662298e+00 2.299824e+00
line 1.913995e+00 -1.165150e+00 1.128960e+00 -1.187991e+00
line -7.767665e+00 1.913995e+00 -7.853618e+00 1.523381e+00
line 1.128960e+00 -1.187991e+00 3.326453e-01 -1.198962e+00
line -7.919940e+00 1.128960e+00 -7.966467e+00 7.317171e-01
line 3.326453e-01 -1.198962e+00 -4.669931e-01 -1.197954e+00
line -7.993081e+00 3.326453e-01 -7.999717e+00 -6.725798e-02
line -4.669931e-01 -1.197954e+00 -1.261966e+00 -1.184976e+00
line -1.261966e+00 -1.184976e+00 -2.044329e+00 -1.160158e+00
line -2.044329e+00 -1.160158e+00 -2.806266e+00 -1.123748e+00
line -2.806266e+00 -1.123748e+00 -3.540164e+00 -1.076110e+00
line -3.540164e+00 -1.076110e+00 -4.238689e+00 -1.017720e+00
line -4.238689e+00 -1.017720e+00 -4.894863e+00 -9.491613e-01
line -4.894863e+00 -9.491613e-01 -5.502129e+00 -8.711188e-01
line -5.502129e+00 -8.711188e-01 -6.054420e+00 -7.843723e-01
line -6.054420e+00 -7.843723e-01 -6.546217e+00 -6.897887e-01
line -6.546217e+00 -6.897887e-01 -6.972606e+00 -5.883130e-01
line -6.972606e+00 -5.883130e-01 -7.329327e+00 -4.809590e-01
line -7.329327e+00 -4.809590e-01 -7.612817e+00 -3.687994e-01
line -7.612817e+00 -3.687994e-01 -7.820241e+00 -2.529550e-01
line -7.820241e+00 -2.529550e-01 -7.949528e+00 -1.345830e-01
line -7.949528e+00 -1.345830e-01 -7.999386e+00 -1.486640e-02
line -7.999386e+00 -1.486640e-02 -7.969317e+00 1.049988e-01
line -7.969317e+00 1.049988e-01 -7.859621e+00 2.238148e-01
line -7.859621e+00 2.238148e-01 -7.671394e+00 3.403946e-01
line -7.671394e+00 3.403946e-01 -7.406517e+00 4.535733e-01
line -7.406517e+00 4.535733e-01 -7.067637e+00 5.622200e-01
line -7.067637e+00 5.622200e-01 -6.658140e+00 6.652492e-01
line -6.658140e+00 6.652492e-01 -6.182116e+00 7.616315e-01
line -6.182116e+00 7.616315e-01 -5.644323e+00 8.504037e-01
line -5.644323e+00 8.504037e-01 -5.050133e+00 9.306791e-01
line -5.050133e+00 9.306791e-01 -4.405484e+00 1.001655e+00
line -4.405484e+00 1.001655e+00 -3.716817e+00 1.062623e+00
line -3.716817e+00 1.062623e+00 -2.991013e+00 1.112974e+00
line -2.991013e+00 1.112974e+00 -2.235324e+00 1.152204e+00
line -2.235324e+00 1.152204e+00 -1.457300e+00 1.179922e+00
line -1.457300e+00 1.179922e+00 -6.647152e-01 1.195851e+00
line -6.647152e-01 1.195851e+00 1.345112e-01 1.199830e+00
#cm 2
line -2.364162e+00 1.146404e+00 -7.642701e+00 3.546197e-01
line -7.986673e-01 1.194005e+00 -7.960037e+00 1.197953e-01
line 7.986673e-01 1.194005e+00 -7.960030e+00 -1.198049e-01
line 2.364162e+00 1.146404e+00 -7.642683e+00 -3.546288e-01
line 3.835404e+00 1.053099e+00 -7.020645e+00 -5.753148e-01
line 5.153741e+00 9.178106e-01 -6.118717e+00 -7.730649e-01
line 6.266615e+00 7.459320e-01 -4.972855e+00 -9.399953e-01
line 7.129659e+00 5.443153e-01 -3.628741e+00 -1.069451e+00
line 7.708465e+00 3.209986e-01 -2.139960e+00 -1.156271e+00
line 7.979960e+00 8.488464e-02 -5.658659e-01 -1.196994e+00
line 7.933318e+00 -1.546134e-01 1.030788e+00 -1.189997e+00
line 7.708465e+00 3.209986e-01 2.139939e+00 1.156272e+00
line 7.979960e+00 8.488464e-02 5.658447e-01 1.196995e+00
line 7.933318e+00 -1.546134e-01 -1.030809e+00 1.189997e+00
line 7.570401e+00 -3.879475e-01 -2.586367e+00 1.135558e+00
line 6.905675e+00 -6.058153e-01 -4.038815e+00 1.035847e+00
line 5.965642e+00 -7.995312e-01 -5.330248e+00 8.948410e-01
line 4.787777e+00 -9.613723e-01 -6.409181e+00 7.181602e-01
line 3.419039e+00 -1.084887e+00 -7.232600e+00 5.128487e-01
line 1.913995e+00 -1.165150e+00 -7.767678e+00 2.870915e-01
line 3.326453e-01 -1.198962e+00 -7.993083e+00 4.988884e-02
line -1.261966e+00 -1.184976e+00 -7.899830e+00 -1.893027e-01
line -2.806266e+00 -1.123748e+00 -7.491635e+00 -4.209473e-01
line -4.238689e+00 -1.017720e+00 -6.784772e+00 -6.358101e-01
#cm 0
#cs 1
-.5 1.5 "North"
-.5 -1.5 "South"
8.5 0 "East"
-9.2 0 "West"
#cs 1.4
0 4.2 "\pl"
#cs 1
-0.7 4.7 "Polaris"
