0 0.50001429410218
0.01 0.500015333792611
0.02 0.500016445429772
0.03 0.500017633746802
0.04 0.500018903770343
0.05 0.500020260837497
0.06 0.500021710613682
0.07 0.500023259111429
0.08 0.500024912710158
0.09 0.500026678176989
0.1 0.500028562688623
0.11 0.500030573854348
0.12 0.500032719740233
0.13 0.500035008894531
0.14 0.500037450374386
0.15 0.500040053773866
0.16 0.500042829253403
0.17 0.500045787570693
0.18 0.500048940113113
0.19 0.500052298931737
0.2 0.500055876776998
0.21 0.500059687136078
0.22 0.500063744272103
0.23 0.500068063265197
0.24 0.500072660055494
0.25 0.500077551488171
0.26 0.500082755360593
0.27 0.500088290471649
0.28 0.500094176673366
0.29 0.50010043492489
0.3 0.500107087348928
0.31 0.500114157290738
0.32 0.500121669379772
0.33 0.500129649594066
0.34 0.500138125327476
0.35 0.500147125459871
0.36 0.500156680430384
0.37 0.500166822313835
0.38 0.50017758490043
0.39 0.50018900377886
0.4 0.500201116422911
0.41 0.500213962281702
0.42 0.500227582873681
0.43 0.500242021884495
0.44 0.500257325268864
0.45 0.500273541356589
0.46 0.500290720962818
0.47 0.500308917502717
0.48 0.500328187110662
0.49 0.500348588764109
0.5 0.500370184412262
0.51 0.500393039109699
0.52 0.500417221155079
0.53 0.500442802235086
0.54 0.500469857573756
0.55 0.500498466087324
0.56 0.500528710544744
0.57 0.500560677734034
0.58 0.500594458634586
0.59 0.500630148595595
0.6 0.500667847520758
0.61 0.50070766005939
0.62 0.500749695804105
0.63 0.500794069495211
0.64 0.500840901231973
0.65 0.500890316690881
0.66 0.500942447351072
0.67 0.500997430727053
0.68 0.501055410608866
0.69 0.501116537309823
0.7 0.501180967921967
0.71 0.501248866579374
0.72 0.501320404729435
0.73 0.501395761412242
0.74 0.501475123548198
0.75 0.501558686233966
0.76 0.50164665304687
0.77 0.501739236357857
0.78 0.501836657653106
0.79 0.501939147864391
0.8 0.50204694770827
0.81 0.502160308034186
0.820000000000001 0.502279490181539
0.830000000000001 0.502404766345796
0.840000000000001 0.50253641995368
0.850000000000001 0.502674746047487
0.860000000000001 0.502820051678543
0.870000000000001 0.502972656309836
0.880000000000001 0.503132892227808
0.890000000000001 0.503301104963315
0.900000000000001 0.503477653721715
0.910000000000001 0.503662911822064
0.920000000000001 0.503857267145353
0.930000000000001 0.504061122591723
0.940000000000001 0.504274896546579
0.950000000000001 0.504499023355491
0.960000000000001 0.504733953807769
0.970000000000001 0.504980155628572
0.980000000000001 0.505238113979384
0.990000000000001 0.505508331966698
1 0.505791331158684
1.01 0.506087652109638
1.02 0.506397854891957
1.03 0.506722519635383
1.04 0.507062247073204
1.05 0.507417659095123
1.06 0.507789399306433
1.07 0.508178133593126
1.08 0.508584550692564
1.09 0.509009362769259
1.1 0.509453305995334
1.11 0.509917141135165
1.12 0.510401654133706
1.13 0.510907656707946
1.14 0.511435986940933
1.15 0.511987509877755
1.16 0.512563118122836
1.17 0.513163732437893
1.18 0.513790302339834
1.19 0.514443806697873
1.2 0.515125254329074
1.21 0.515835684591544
1.22 0.516576167974413
1.23 0.517347806683725
1.24 0.518151735223352
1.25 0.518989120969958
1.26 0.519861164741041
1.27 0.520769101355042
1.28 0.521714200182459
1.29 0.522697765686874
1.3 0.523721137954781
1.31 0.524785693213042
1.32 0.525892844332782
1.33 0.527044041318498
1.34 0.528240771781106
1.35 0.52948456139364
1.36 0.530776974328272
1.37 0.532119613673282
1.38 0.533514121828593
1.39 0.534962180878445
1.4 0.536465512939746
1.41 0.53802588048463
1.42 0.539645086635705
1.43 0.541324975432452
1.44 0.54306743206722
1.45 0.544874383089233
1.46 0.546747796575004
1.47 0.548689682263522
1.48 0.550702091654584
1.49 0.552787118068599
1.5 0.554946896666203
1.51 0.557183604425985
1.52 0.559499460078646
1.53 0.561896723995875
1.54 0.564377698032242
1.55 0.5669447253184
1.56 0.569600190003881
1.57 0.572346516947788
1.58 0.575186171355677
1.59 0.578121658360947
1.6 0.581155522549052
1.61 0.58429034742288
1.62 0.587528754807652
1.63 0.59087340419372
1.64 0.594326992015675
1.65 0.597892250866189
1.66 0.60157194864307
1.67 0.605368887628026
1.68 0.609285903495688
1.69 0.613325864251477
1.7 0.617491669096962
1.71 0.621786247221392
1.72 0.626212556518148
1.73 0.630773582224937
1.74 0.635472335486584
1.75 0.640311851839378
1.76 0.645295189615984
1.77 0.65042542827001
1.78 0.655705666619417
1.79 0.661139021008022
1.8 0.66672862338445
1.81 0.672477619297995
1.82 0.678389165810911
1.83 0.684466429326811
1.84 0.690712583334915
1.85 0.69713080607001
1.86 0.703724278088129
1.87 0.710496179758031
1.88 0.717449688668711
1.89 0.724587976953312
1.9 0.731914208529901
1.91 0.73943153625974
1.92 0.747143099023812
1.93 0.755052018718487
1.94 0.763161397171379
1.95 0.771474312978589
1.96 0.779993818264659
1.97 0.788722935366735
1.98 0.797664653444591
1.99 0.806821925018311
2 0.816197662435594
2.01 0.82579473427081
2.02 0.835615961658086
2.03 0.845664114560881
2.04 0.855941907980665
2.05 0.866451998107471
2.06 0.877196978415284
2.07 0.888179375705374
2.08 0.899401646100845
2.09 0.910866170995859
2.1 0.922575252963134
2.11 0.9345311116235
2.12 0.946735879481442
2.13 0.959191597730732
2.14 0.971900212034409
2.15 0.984863568283515
2.16 0.998083408339157
2.17 1.01156136576261
2.18 1.02529896153834
2.19 1.0392975997949
2.2 1.05355856352896
2.21 1.06808301033762
2.22 1.08287196816446
2.23 1.09792633106496
2.24 1.11324685499679
2.25 1.12883415364079
2.26 1.14468869425861
2.27 1.16081079359282
2.28 1.17720061381564
2.29 1.19385815853248
2.29999999999999 1.21078326884636
2.30999999999999 1.2279756194897
2.31999999999999 1.2454347150297
2.32999999999999 1.2631598861537
2.33999999999999 1.28115028604108
2.34999999999999 1.29940488682806
2.35999999999999 1.31792247617202
2.36999999999999 1.33670165392169
2.37999999999999 1.3557408288999
2.38999999999999 1.37503821580533
2.39999999999999 1.39459183223965
2.40999999999999 1.41439949586675
2.41999999999999 1.43445882171021
2.42999999999999 1.4547672195956
2.43999999999999 1.47532189174377
2.44999999999999 1.49611983052146
2.45999999999999 1.51715781635531
2.46999999999999 1.53843241581532
2.47999999999999 1.55993997987378
2.48999999999999 1.58167664234541
2.49999999999999 1.60363831851431
2.50999999999999 1.6258207039535
2.51999999999999 1.64821927354219
2.52999999999999 1.67082928068604
2.53999999999999 1.69364575674559
2.54999999999999 1.71666351067744
2.55999999999999 1.73987712889301
2.56999999999999 1.76328097533921
2.57999999999999 1.78686919180519
2.58999999999999 1.81063569845914
2.59999999999999 1.8345741946188
2.60999999999999 1.85867815975916
2.61999999999999 1.88294085476047
2.62999999999999 1.90735532339946
2.63999999999999 1.93191439408631
2.64999999999999 1.95661068184971
2.65999999999999 1.98143659057201
2.66999999999999 2.00638431547601
2.67999999999999 2.03144584586483
2.68999999999999 2.05661296811582
2.69999999999999 2.08187726892911
2.70999999999999 2.10723013883122
2.71999999999999 2.13266277593359
2.72999999999999 2.15816618994565
2.73999999999999 2.18373120644167
2.74999999999999 2.20934847138023
2.75999999999999 2.23500845587479
2.76999999999998 2.26070146121348
2.77999999999998 2.28641762412577
2.78999999999998 2.31214692229354
2.79999999999998 2.33787918010321
2.80999999999998 2.36360407463581
2.81999999999998 2.38931114189097
2.82999999999998 2.41498978324068
2.83999999999998 2.44062927210835
2.84999999999998 2.46621876086798
2.85999999999998 2.49174728795838
2.86999999999998 2.51720378520646
2.87999999999998 2.54257708535373
2.88999999999998 2.56785592977933
2.89999999999998 2.59302897641305
2.90999999999998 2.61808480783087
2.91999999999998 2.64301193952583
2.92999999999998 2.66779882834604
2.93999999999998 2.69243388109197
2.94999999999998 2.71690546326429
2.95999999999998 2.74120190795354
2.96999999999998 2.76531152486252
2.97999999999998 2.78922260945196
2.98999999999998 2.8129234521998
2.99999999999998 2.83640234796417
3.00999999999998 2.85964760543982
3.01999999999998 2.88264755669759
3.02999999999998 2.90539056679628
3.03999999999998 2.92786504345595
3.04999999999998 2.95005944678179
3.05999999999998 2.97196229902706
3.06999999999998 2.99356219438397
3.07999999999998 3.01484780879065
3.08999999999998 3.03580790974291
3.09999999999998 3.05643136609859
3.10999999999998 3.076707157863
3.11999999999998 3.09662438594325
3.12999999999998 3.11617228185961
3.13999999999998 3.13534021740175
3.14999999999998 3.15411771421791
3.15999999999998 3.17249445332488
3.16999999999998 3.19046028452682
3.17999999999998 3.20800523573079
3.18999999999998 3.22511952214726
3.19999999999998 3.24179355536364
3.20999999999998 3.25801795227902
3.21999999999998 3.27378354388859
3.22999999999998 3.28908138390633
3.23999999999997 3.30390275721431
3.24999999999997 3.31823918812789
3.25999999999997 3.33208244846547
3.26999999999997 3.34542456541228
3.27999999999997 3.3582578291676
3.28999999999997 3.3705748003652
3.29999999999997 3.38236831725694
3.30999999999997 3.39363150264992
3.31999999999997 3.40435777058766
3.32999999999997 3.41454083276636
3.33999999999997 3.42417470467736
3.34999999999997 3.43325371146748
3.35999999999997 3.44177249350926
3.36999999999997 3.44972601167325
3.37999999999997 3.45710955229531
3.38999999999997 3.463918731832
3.39999999999997 3.47014950119749
3.40999999999997 3.4757981497762
3.41999999999997 3.48086130910543
3.42999999999997 3.48533595622298
3.43999999999997 3.48921941667497
3.44999999999997 3.49250936717987
3.45999999999997 3.49520383794481
3.46999999999997 3.49730121463108
3.47999999999997 3.498800239966
3.48999999999997 3.499700014999
3.49999999999997 3.5
3.50999999999997 3.499700014999
3.51999999999997 3.49880023996601
3.52999999999997 3.49730121463109
3.53999999999997 3.49520383794483
3.54999999999997 3.49250936717989
3.55999999999997 3.48921941667499
3.56999999999997 3.485335956223
3.57999999999997 3.48086130910546
3.58999999999997 3.47579814977623
3.59999999999997 3.47014950119752
3.60999999999997 3.46391873183204
3.61999999999997 3.45710955229535
3.62999999999997 3.44972601167329
3.63999999999997 3.44177249350931
3.64999999999997 3.43325371146754
3.65999999999997 3.42417470467741
3.66999999999997 3.41454083276642
3.67999999999997 3.40435777058772
3.68999999999997 3.39363150264998
3.69999999999997 3.38236831725701
3.70999999999996 3.37057480036527
3.71999999999996 3.35825782916768
3.72999999999996 3.34542456541236
3.73999999999996 3.33208244846556
3.74999999999996 3.31823918812798
3.75999999999996 3.3039027572144
3.76999999999996 3.28908138390642
3.77999999999996 3.27378354388869
3.78999999999996 3.25801795227911
3.79999999999996 3.24179355536375
3.80999999999996 3.22511952214737
3.81999999999996 3.20800523573089
3.82999999999996 3.19046028452693
3.83999999999996 3.172494453325
3.84999999999996 3.15411771421802
3.85999999999996 3.13534021740187
3.86999999999996 3.11617228185973
3.87999999999996 3.09662438594337
3.88999999999996 3.07670715786312
3.89999999999996 3.05643136609871
3.90999999999996 3.03580790974304
3.91999999999996 3.01484780879078
3.92999999999996 2.9935621943841
3.93999999999996 2.9719622990272
3.94999999999996 2.95005944678192
3.95999999999996 2.92786504345609
3.96999999999996 2.90539056679642
3.97999999999996 2.88264755669773
3.98999999999996 2.85964760543996
3.99999999999996 2.83640234796431
4.00999999999996 2.81292345219994
4.01999999999996 2.78922260945211
4.02999999999996 2.76531152486267
4.03999999999996 2.74120190795369
4.04999999999996 2.71690546326443
4.05999999999996 2.69243388109212
4.06999999999996 2.66779882834619
4.07999999999996 2.64301193952598
4.08999999999996 2.61808480783103
4.09999999999996 2.5930289764132
4.10999999999996 2.56785592977949
4.11999999999996 2.54257708535388
4.12999999999996 2.51720378520662
4.13999999999996 2.49174728795853
4.14999999999996 2.46621876086813
4.15999999999996 2.4406292721085
4.16999999999996 2.41498978324084
4.17999999999996 2.38931114189112
4.18999999999996 2.36360407463597
4.19999999999995 2.33787918010336
4.20999999999995 2.31214692229369
4.21999999999995 2.28641762412593
4.22999999999995 2.26070146121363
4.23999999999995 2.23500845587495
4.24999999999995 2.20934847138039
4.25999999999995 2.18373120644182
4.26999999999995 2.1581661899458
4.27999999999995 2.13266277593374
4.28999999999995 2.10723013883137
4.29999999999995 2.08187726892927
4.30999999999995 2.05661296811598
4.31999999999995 2.03144584586499
4.32999999999995 2.00638431547616
4.33999999999995 1.98143659057216
4.34999999999995 1.95661068184986
4.35999999999995 1.93191439408646
4.36999999999995 1.90735532339961
4.37999999999995 1.88294085476062
4.38999999999995 1.8586781597593
4.39999999999995 1.83457419461894
4.40999999999995 1.81063569845929
4.41999999999995 1.78686919180534
4.42999999999995 1.76328097533935
4.43999999999995 1.73987712889315
4.44999999999995 1.71666351067758
4.45999999999995 1.69364575674573
4.46999999999995 1.67082928068618
4.47999999999995 1.64821927354232
4.48999999999995 1.62582070395364
4.49999999999995 1.60363831851444
4.50999999999995 1.58167664234554
4.51999999999995 1.55993997987392
4.52999999999995 1.53843241581545
4.53999999999995 1.51715781635544
4.54999999999995 1.49611983052159
4.55999999999995 1.4753218917439
4.56999999999995 1.45476721959572
4.57999999999995 1.43445882171033
4.58999999999995 1.41439949586687
4.59999999999995 1.39459183223977
4.60999999999995 1.37503821580544
4.61999999999995 1.35574082890002
4.62999999999995 1.3367016539218
4.63999999999995 1.31792247617213
4.64999999999995 1.29940488682817
4.65999999999995 1.28115028604119
4.66999999999994 1.26315988615381
4.67999999999994 1.24543471502981
4.68999999999994 1.22797561948981
4.69999999999994 1.21078326884646
4.70999999999994 1.19385815853258
4.71999999999994 1.17720061381574
4.72999999999994 1.16081079359292
4.73999999999994 1.14468869425871
4.74999999999994 1.12883415364088
4.75999999999994 1.11324685499688
4.76999999999994 1.09792633106506
4.77999999999994 1.08287196816455
4.78999999999994 1.06808301033771
4.79999999999994 1.05355856352905
4.80999999999994 1.03929759979499
4.81999999999994 1.02529896153842
4.82999999999994 1.01156136576269
4.83999999999994 0.998083408339239
4.84999999999994 0.984863568283595
4.85999999999994 0.971900212034487
4.86999999999994 0.959191597730808
4.87999999999994 0.946735879481517
4.88999999999994 0.934531111623574
4.89999999999994 0.922575252963206
4.90999999999994 0.910866170995929
4.91999999999994 0.899401646100914
4.92999999999994 0.888179375705441
4.93999999999994 0.87719697841535
4.94999999999994 0.866451998107535
4.95999999999994 0.855941907980728
4.96999999999994 0.845664114560943
4.97999999999994 0.835615961658146
4.98999999999994 0.825794734270869
4.99999999999994 0.816197662435652
5.00999999999994 0.806821925018368
5.01999999999994 0.797664653444647
5.02999999999994 0.788722935366789
5.03999999999994 0.779993818264712
5.04999999999994 0.771474312978641
5.05999999999994 0.76316139717143
5.06999999999994 0.755052018718536
5.07999999999994 0.747143099023861
5.08999999999994 0.739431536259788
5.09999999999994 0.731914208529947
5.10999999999994 0.724587976953357
5.11999999999994 0.717449688668755
5.12999999999994 0.710496179758074
5.13999999999993 0.703724278088172
5.14999999999993 0.697130806070051
5.15999999999993 0.690712583334955
5.16999999999993 0.684466429326851
5.17999999999993 0.678389165810949
5.18999999999993 0.672477619298033
5.19999999999993 0.666728623384487
5.20999999999993 0.661139021008058
5.21999999999993 0.655705666619452
5.22999999999993 0.650425428270044
5.23999999999993 0.645295189616017
5.24999999999993 0.64031185183941
5.25999999999993 0.635472335486615
5.26999999999993 0.630773582224968
5.27999999999993 0.626212556518178
5.28999999999993 0.621786247221421
5.29999999999993 0.61749166909699
5.30999999999993 0.613325864251504
5.31999999999993 0.609285903495715
5.32999999999993 0.605368887628053
5.33999999999993 0.601571948643096
5.34999999999993 0.597892250866214
5.35999999999993 0.594326992015699
5.36999999999993 0.590873404193743
5.37999999999993 0.587528754807674
5.38999999999993 0.584290347422902
5.39999999999993 0.581155522549073
5.40999999999993 0.578121658360968
5.41999999999993 0.575186171355697
5.42999999999993 0.572346516947807
5.43999999999993 0.5696001900039
5.44999999999993 0.566944725318418
5.45999999999993 0.56437769803226
5.46999999999993 0.561896723995892
5.47999999999993 0.559499460078663
5.48999999999993 0.557183604426001
5.49999999999993 0.554946896666219
5.50999999999993 0.552787118068615
5.51999999999993 0.550702091654599
5.52999999999993 0.548689682263537
5.53999999999993 0.546747796575018
5.54999999999993 0.544874383089247
5.55999999999993 0.543067432067233
5.56999999999993 0.541324975432464
5.57999999999993 0.539645086635717
5.58999999999993 0.538025880484642
5.59999999999993 0.536465512939757
5.60999999999992 0.534962180878456
5.61999999999992 0.533514121828604
5.62999999999992 0.532119613673292
5.63999999999992 0.530776974328282
5.64999999999992 0.529484561393649
5.65999999999992 0.528240771781115
5.66999999999992 0.527044041318507
5.67999999999992 0.525892844332791
5.68999999999992 0.52478569321305
5.69999999999992 0.523721137954789
5.70999999999992 0.522697765686882
5.71999999999992 0.521714200182467
5.72999999999992 0.520769101355049
5.73999999999992 0.519861164741048
5.74999999999992 0.518989120969965
5.75999999999992 0.518151735223359
5.76999999999992 0.517347806683731
5.77999999999992 0.516576167974418
5.78999999999992 0.51583568459155
5.79999999999992 0.515125254329079
5.80999999999992 0.514443806697878
5.81999999999992 0.513790302339839
5.82999999999992 0.513163732437897
5.83999999999992 0.51256311812284
5.84999999999992 0.511987509877759
5.85999999999992 0.511435986940938
5.86999999999992 0.51090765670795
5.87999999999992 0.51040165413371
5.88999999999992 0.509917141135169
5.89999999999992 0.509453305995338
5.90999999999992 0.509009362769263
5.91999999999992 0.508584550692567
5.92999999999992 0.508178133593129
5.93999999999992 0.507789399306436
5.94999999999992 0.507417659095126
5.95999999999992 0.507062247073206
5.96999999999992 0.506722519635385
5.97999999999992 0.50639785489196
5.98999999999992 0.50608765210964
5.99999999999992 0.505791331158686
6.00999999999992 0.505508331966701
6.01999999999992 0.505238113979387
6.02999999999992 0.504980155628574
6.03999999999992 0.504733953807771
6.04999999999992 0.504499023355493
6.05999999999992 0.50427489654658
6.06999999999992 0.504061122591724
6.07999999999991 0.503857267145355
6.08999999999991 0.503662911822066
6.09999999999991 0.503477653721716
6.10999999999991 0.503301104963316
6.11999999999991 0.50313289222781
6.12999999999991 0.502972656309837
6.13999999999991 0.502820051678545
6.14999999999991 0.502674746047488
6.15999999999991 0.502536419953681
6.16999999999991 0.502404766345797
6.17999999999991 0.50227949018154
6.18999999999991 0.502160308034187
6.19999999999991 0.502046947708271
6.20999999999991 0.501939147864392
6.21999999999991 0.501836657653107
6.22999999999991 0.501739236357858
6.23999999999991 0.501646653046871
6.24999999999991 0.501558686233967
6.25999999999991 0.501475123548199
6.26999999999991 0.501395761412243
6.27999999999991 0.501320404729436
6.28999999999991 0.501248866579374
6.29999999999991 0.501180967921967
6.30999999999991 0.501116537309823
6.31999999999991 0.501055410608866
6.32999999999991 0.500997430727054
6.33999999999991 0.500942447351073
6.34999999999991 0.500890316690882
6.35999999999991 0.500840901231974
6.36999999999991 0.500794069495211
6.37999999999991 0.500749695804105
6.38999999999991 0.500707660059391
6.39999999999991 0.500667847520759
6.40999999999991 0.500630148595596
6.41999999999991 0.500594458634587
6.42999999999991 0.500560677734035
6.43999999999991 0.500528710544744
6.44999999999991 0.500498466087324
6.45999999999991 0.500469857573756
6.46999999999991 0.500442802235086
6.47999999999991 0.500417221155079
6.48999999999991 0.500393039109699
6.49999999999991 0.500370184412262
6.50999999999991 0.500348588764109
6.51999999999991 0.500328187110662
6.52999999999991 0.500308917502717
6.53999999999991 0.500290720962818
6.5499999999999 0.500273541356589
6.5599999999999 0.500257325268864
6.5699999999999 0.500242021884495
6.5799999999999 0.500227582873681
6.5899999999999 0.500213962281702
6.5999999999999 0.500201116422911
6.6099999999999 0.50018900377886
6.6199999999999 0.50017758490043
6.6299999999999 0.500166822313835
6.6399999999999 0.500156680430384
6.6499999999999 0.500147125459871
6.6599999999999 0.500138125327476
6.6699999999999 0.500129649594066
6.6799999999999 0.500121669379772
6.6899999999999 0.500114157290738
6.6999999999999 0.500107087348928
6.7099999999999 0.50010043492489
6.7199999999999 0.500094176673366
6.7299999999999 0.500088290471649
6.7399999999999 0.500082755360593
6.7499999999999 0.500077551488171
6.7599999999999 0.500072660055494
6.7699999999999 0.500068063265197
6.7799999999999 0.500063744272103
6.7899999999999 0.500059687136078
6.7999999999999 0.500055876776998
6.8099999999999 0.500052298931737
6.8199999999999 0.500048940113113
6.8299999999999 0.500045787570693
6.8399999999999 0.500042829253403
6.8499999999999 0.500040053773866
6.8599999999999 0.500037450374386
6.8699999999999 0.500035008894531
6.8799999999999 0.500032719740233
6.8899999999999 0.500030573854348
6.8999999999999 0.500028562688623
6.9099999999999 0.500026678176989
6.9199999999999 0.500024912710158
6.9299999999999 0.500023259111429
6.9399999999999 0.500021710613682
6.9499999999999 0.500020260837497
6.9599999999999 0.500018903770343
6.9699999999999 0.500017633746802
6.9799999999999 0.500016445429772
6.9899999999999 0.500015333792611
6.9999999999999 0.50001429410218
