#x -1.5 1.5 y -1.5 1.5
#cs 0.8
circ 0 0 0.05
line 0.000000e+00 5.000000e-02 0.000000e+00 8.000000e-02
line 3.535532e-02 3.535536e-02 5.656850e-02 5.656858e-02
line 5.000000e-02 6.633974e-08 8.000000e-02 1.061436e-07
line 3.535541e-02 -3.535527e-02 5.656866e-02 -5.656843e-02
line 1.326795e-07 -5.000000e-02 2.122872e-07 -8.000000e-02
line -3.535522e-02 -3.535546e-02 -5.656835e-02 -5.656873e-02
line -5.000000e-02 -1.990192e-07 -8.000000e-02 -3.184308e-07
line -3.535550e-02 3.535517e-02 -5.656881e-02 5.656828e-02
line 1 0 0.999980261011567 0.00502649439055306
line 0.999980261011567 0.00502649439055306 0.999921043983953 0.0100527903389314
line 0.999921043983953 0.0100527903389314 0.999822348730265 0.0150786893854116
line 0.999822348730265 0.0150786893854116 0.999684174939204 0.0201039930351693
line 0.999684174939204 0.0201039930351693 0.999506522175338 0.0251285027407208
line 0.999506522175338 0.0251285027407208 0.999289389879495 0.0301520198843543
line 0.999289389879495 0.0301520198843543 0.999032777369263 0.0351743457605478
line 0.999032777369263 0.0351743457605478 0.998736683839608 0.0401952815583711
line 0.998736683839608 0.0401952815583711 0.998401108363595 0.0452146283438667
line 0.998401108363595 0.0452146283438667 0.998026049893229 0.0502321870424087
line 0.998026049893229 0.0502321870424087 0.99761150726041 0.0552477584210343
line 0.99761150726041 0.0552477584210343 0.997157479177999 0.0602611430707456
line 0.997157479177999 0.0602611430707456 0.996663964240999 0.065272141388778
line 0.996663964240999 0.065272141388778 0.996130960927852 0.0702805535608325
line 0.996130960927852 0.0702805535608325 0.995558467601856 0.075286179543267
line 0.995558467601856 0.075286179543267 0.994946482512692 0.0802888190452452
line 0.994946482512692 0.0802888190452452 0.994295003798075 0.085288271510838
line 0.994295003798075 0.085288271510838 0.993604029485523 0.0902843361010752
line 0.993604029485523 0.0902843361010752 0.992873557494244 0.0952768116759433
line 0.992873557494244 0.0952768116759433 0.992103585637149 0.100265496776326
line 0.992103585637149 0.100265496776326 0.991294111622983 0.105250189605887
line 0.991294111622983 0.105250189605887 0.990445133058584 0.110230688012881
line 0.990445133058584 0.110230688012881 0.989556647451266 0.11520678947191
line 0.989556647451266 0.11520678947191 0.988628652211327 0.120178291065597
line 0.988628652211327 0.120178291065597 0.987661144654693 0.12514498946619
line 0.987661144654693 0.12514498946619 0.986654122005682 0.130106680917091
line 0.986654122005682 0.130106680917091 0.985607581399909 0.135063161214297
line 0.985607581399909 0.135063161214297 0.984521519887321 0.140014225687763
line 0.984521519887321 0.140014225687763 0.983395934435368 0.144959669182672
line 0.983395934435368 0.144959669182672 0.982230821932314 0.149899286040614
line 0.982230821932314 0.149899286040614 0.981026179190686 0.154832870080668
line 0.981026179190686 0.154832870080668 0.979782002950865 0.159760214580389
line 0.979782002950865 0.159760214580389 0.978498289884828 0.164681112256686
line 0.978498289884828 0.164681112256686 0.977175036600022 0.169595355246598
line 0.977175036600022 0.169595355246598 0.975812239643409 0.174502735087957
line 0.975812239643409 0.174502735087957 0.974409895505642 0.17940304269994
line 0.974409895505642 0.17940304269994 0.97296800062541 0.184296068363495
line 0.97296800062541 0.184296068363495 0.971486551393936 0.189181601701659
line 0.971486551393936 0.189181601701659 0.969965544159633 0.194059431659734
line 0.969965544159633 0.194059431659734 0.968404975232927 0.19892934648535
line 0.968404975232927 0.19892934648535 0.966804840891247 0.203791133708381
line 0.966804840891247 0.203791133708381 0.965165137384182 0.208644580120735
line 0.965165137384182 0.208644580120735 0.96348586093881 0.213489471755993
line 0.96348586093881 0.213489471755993 0.961767007765212 0.218325593868911
line 0.961767007765212 0.218325593868911 0.960008574062157 0.223152730914769
line 0.960008574062157 0.223152730914769 0.958210556022973 0.227970666528568
line 0.958210556022973 0.227970666528568 0.956372949841612 0.232779183504069
line 0.956372949841612 0.232779183504069 0.954495751718896 0.237578063772673
line 0.954495751718896 0.237578063772673 0.952578957868972 0.242367088382136
line 0.952578957868972 0.242367088382136 0.950622564525952 0.247146037475109
line 0.950622564525952 0.247146037475109 0.948626567950773 0.251914690267511
line 0.948626567950773 0.251914690267511 0.946590964438252 0.256672825026723
line 0.946590964438252 0.256672825026723 0.944515750324366 0.261420219049597
line 0.944515750324366 0.261420219049597 0.942400921993742 0.266156648640281
line 0.942400921993742 0.266156648640281 0.940246475887373 0.270881889087853
line 0.940246475887373 0.270881889087853 0.938052408510568 0.27559571464376
line 0.938052408510568 0.27559571464376 0.935818716441124 0.280297898499056
line 0.935818716441124 0.280297898499056 0.933545396337752 0.284988212761442
line 0.933545396337752 0.284988212761442 0.93123244494873 0.289666428432087
line 0.93123244494873 0.289666428432087 0.928879859120825 0.294332315382248
line 0.928879859120825 0.294332315382248 0.92648763580846 0.298985642329666
line 0.92648763580846 0.298985642329666 0.924055772083142 0.303626176814739
line 0.924055772083142 0.303626176814739 0.921584265143173 0.308253685176474
line 0.921584265143173 0.308253685176474 0.919073112323615 0.312867932528201
line 0.919073112323615 0.312867932528201 0.916522311106559 0.31746868273306
line 0.916522311106559 0.31746868273306 0.913931859131668 0.322055698379238
line 0.913931859131668 0.322055698379238 0.911301754207023 0.326628740754967
line 0.911301754207023 0.326628740754967 0.908631994320272 0.331187569823267
line 0.908631994320272 0.331187569823267 0.905922577650087 0.335731944196442
line 0.905922577650087 0.335731944196442 0.903173502577943 0.340261621110303
line 0.903173502577943 0.340261621110303 0.900384767700226 0.344776356398143
line 0.900384767700226 0.344776356398143 0.897556371840668 0.349275904464427
line 0.897556371840668 0.349275904464427 0.894688314063137 0.353760018258215
line 0.894688314063137 0.353760018258215 0.89178059368477 0.358228449246307
line 0.89178059368477 0.358228449246307 0.888833210289472 0.362680947386095
line 0.888833210289472 0.362680947386095 0.885846163741789 0.367117261098134
line 0.885846163741789 0.367117261098134 0.882819454201151 0.371537137238416
line 0.882819454201151 0.371537137238416 0.879753082136519 0.375940321070337
line 0.879753082136519 0.375940321070337 0.876647048341422 0.380326556236367
line 0.876647048341422 0.380326556236367 0.873501353949407 0.38469558472941
line 0.873501353949407 0.38469558472941 0.870316000449918 0.389047146863839
line 0.870316000449918 0.389047146863839 0.867090989704597 0.393380981246219
line 0.867090989704597 0.393380981246219 0.863826323964034 0.397696824745703
line 0.863826323964034 0.397696824745703 0.860522005884979 0.401994412464092
line 0.860522005884979 0.401994412464092 0.857178038548009 0.406273477705563
line 0.857178038548009 0.406273477705563 0.853794425475689 0.410533751946049
line 0.853794425475689 0.410533751946049 0.850371170651216 0.414774964802282
line 0.850371170651216 0.414774964802282 0.846908278537577 0.41899684400047
line 0.846908278537577 0.41899684400047 0.84340575409722 0.423199115344629
line 0.84340575409722 0.423199115344629 0.839863602812266 0.427381502684544
line 0.839863602812266 0.427381502684544 0.836281830705266 0.431543727883359
line 0.836281830705266 0.431543727883359 0.832660444360522 0.435685510784802
line 0.832660444360522 0.435685510784802 0.828999450945986 0.439806569180026
line 0.828999450945986 0.439806569180026 0.825298858235754 0.44390661877406
line 0.825298858235754 0.44390661877406 0.82155867463317 0.447985373151881
line 0.82155867463317 0.447985373151881 0.81777890919456 0.452042543744081
line 0.81777890919456 0.452042543744081 0.813959571653606 0.456077839792141
line 0.813959571653606 0.456077839792141 0.810100672446385 0.460090968313295
line 0.810100672446385 0.460090968313295 0.806202222737084 0.464081634064981
line 0.806202222737084 0.464081634064981 0.802264234444425 0.468049539508887
line 0.802264234444425 0.468049539508887 0.798286720268794 0.471994384774561
line 0.798286720268794 0.471994384774561 0.794269693720115 0.47591586762261
line 0.794269693720115 0.47591586762261 0.790213169146486 0.479813683407454
line 0.790213169146486 0.479813683407454 0.786117161763589 0.483687525039657
line 0.786117161763589 0.483687525039657 0.7819816876849 0.48753708294781
line 0.7819816876849 0.48753708294781 0.777806763952731 0.49136204503997
line 0.777806763952731 0.49136204503997 0.773592408570107 0.495162096664655
line 0.773592408570107 0.495162096664655 0.769338640533525 0.498936920571372
line 0.769338640533525 0.498936920571372 0.765045479866596 0.502686196870705
line 0.765045479866596 0.502686196870705 0.760712947654617 0.506409602993923
line 0.760712947654617 0.506409602993923 0.75634106608008 0.510106813652135
line 0.75634106608008 0.510106813652135 0.751929858459156 0.513777500794965
line 0.751929858459156 0.513777500794965 0.747479349279183 0.517421333568759
line 0.747479349279183 0.517421333568759 0.742989564237171 0.521037978274312
line 0.742989564237171 0.521037978274312 0.738460530279374 0.524627098324117
line 0.738460530279374 0.524627098324117 0.73389227564194 0.528188354199124
line 0.73389227564194 0.528188354199124 0.729284829892685 0.531721403405025
line 0.729284829892685 0.531721403405025 0.724638223974008 0.535225900428035
line 0.724638223974008 0.535225900428035 0.719952490246995 0.538701496690192
line 0.719952490246995 0.538701496690192 0.715227662536731 0.542147840504163
line 0.715227662536731 0.542147840504163 0.710463776178868 0.545564577027553
line 0.710463776178868 0.545564577027553 0.70566086806747 0.548951348216718
line 0.70566086806747 0.548951348216718 0.700818976704183 0.552307792780085
line 0.700818976704183 0.552307792780085 0.695938142248768 0.555633546130973
line 0.695938142248768 0.555633546130973 0.691018406571026 0.558928240339918
line 0.691018406571026 0.558928240339918 0.686059813304162 0.562191504086497
line 0.686059813304162 0.562191504086497 0.68106240789963 0.565422962610666
line 0.68106240789963 0.565422962610666 0.676026237683495 0.568622237663598
line 0.676026237683495 0.568622237663598 0.670951351914365 0.571788947458028
line 0.670951351914365 0.571788947458028 0.665837801842927 0.574922706618113
line 0.665837801842927 0.574922706618113 0.660685640773144 0.578023126128808
line 0.660685640773144 0.578023126128808 0.655494924125148 0.581089813284753
line 0.655494924125148 0.581089813284753 0.650265709499889 0.58412237163869
line 0.650265709499889 0.58412237163869 0.64499805674559 0.587120400949406
line 0.64499805674559 0.587120400949406 0.639692028026045 0.590083497129214
line 0.639692028026045 0.590083497129214 0.634347687890832 0.593011252190971
line 0.634347687890832 0.593011252190971 0.628965103347488 0.595903254194651
line 0.628965103347488 0.595903254194651 0.623544343935698 0.598759087193477
line 0.623544343935698 0.598759087193477 0.618085481803557 0.601578331179622
line 0.618085481803557 0.601578331179622 0.61258859178598 0.604360562029492
line 0.61258859178598 0.604360562029492 0.607053751485291 0.607105351448599
line 0.607053751485291 0.607105351448599 0.601481041354088 0.60981226691605
line 0.601481041354088 0.60981226691605 0.595870544780421 0.612480871628646
line 0.595870544780421 0.612480871628646 0.590222348175369 0.615110724444631
line 0.590222348175369 0.615110724444631 0.58453654106307 0.617701379827092
line 0.58453654106307 0.617701379827092 0.578813216173284 0.620252387787034
line 0.578813216173284 0.620252387787034 0.57305246953656 0.622763293826156
line 0.57305246953656 0.622763293826156 0.567254400582078 0.625233638879342
line 0.567254400582078 0.625233638879342 0.561419112238246 0.627662959256902
line 0.561419112238246 0.627662959256902 0.555546711036121 0.630050786586578
line 0.555546711036121 0.630050786586578 0.549637307215756 0.632396647755354
line 0.549637307215756 0.632396647755354 0.543691014835532 0.634700064851098
line 0.543691014835532 0.634700064851098 0.53770795188457 0.636960555104056
line 0.53770795188457 0.636960555104056 0.53168824039832 0.639177630828261
line 0.53168824039832 0.639177630828261 0.525632006577397 0.641350799362869
line 0.525632006577397 0.641350799362869 0.519539380909772 0.643479563013471
line 0.519539380909772 0.643479563013471 0.513410498296405 0.645563418993437
line 0.513410498296405 0.645563418993437 0.50724549818042 0.647601859365311
line 0.50724549818042 0.647601859365311 0.501044524679922 0.649594370982343
line 0.501044524679922 0.649594370982343 0.494807726724546 0.65154043543017
line 0.494807726724546 0.65154043543017 0.488535258195867 0.653439528968746
line 0.488535258195867 0.653439528968746 0.482227278071752 0.655291122474538
line 0.482227278071752 0.655291122474538 0.475883950574779 0.657094681383087
line 0.475883950574779 0.657094681383087 0.469505445324828 0.658849665631983
line 0.469505445324828 0.658849665631983 0.463091937495971 0.660555529604331
line 0.463091937495971 0.660555529604331 0.456643607977754 0.662211722072788
line 0.456643607977754 0.662211722072788 0.45016064354102 0.663817686144246
line 0.45016064354102 0.663817686144246 0.443643237008378 0.665372859205254
line 0.443643237008378 0.665372859205254 0.437091587429442 0.666876672868271
line 0.437091587429442 0.666876672868271 0.430505900260985 0.668328552918841
line 0.430505900260985 0.668328552918841 0.423886387552119 0.669727919263801
line 0.423886387552119 0.669727919263801 0.417233268134648 0.671074185880624
line 0.417233268134648 0.671074185880624 0.410546767818726 0.672366760768022
line 0.410546767818726 0.672366760768022 0.403827119593954 0.673605045897925
line 0.403827119593954 0.673605045897925 0.397074563836072 0.674788437168964
line 0.397074563836072 0.674788437168964 0.390289348519368 0.6759163243616
line 0.390289348519368 0.6759163243616 0.383471729434971 0.676988091095049
line 0.383471729434971 0.676988091095049 0.376621970415164 0.678003114786136
line 0.376621970415164 0.678003114786136 0.369740343563873 0.678960766610271
line 0.369740343563873 0.678960766610271 0.362827129493487 0.679860411464685
line 0.362827129493487 0.679860411464685 0.355882617568154 0.680701407934128
line 0.355882617568154 0.680701407934128 0.348907106153723 0.681483108259217
line 0.348907106153723 0.681483108259217 0.341900902874484 0.682204858307623
line 0.341900902874484 0.682204858307623 0.334864324876867 0.682865997548323
line 0.334864324876867 0.682865997548323 0.327797699100258 0.683465859029124
line 0.327797699100258 0.683465859029124 0.320701362555105 0.684003769357717
line 0.320701362555105 0.684003769357717 0.313575662608466 0.684479048686475
line 0.313575662608466 0.684479048686475 0.306420957277171 0.684891010701294
line 0.306420957277171 0.684891010701294 0.299237615528754 0.685238962614717
line 0.299237615528754 0.685238962614717 0.292026017590334 0.68552220516365
line 0.292026017590334 0.68552220516365 0.284786555265592 0.685740032611966
line 0.284786555265592 0.685740032611966 0.277519632260012 0.685891732758314
line 0.277519632260012 0.685891732758314 0.270225664514561 0.685976586949469
line 0.270225664514561 0.685976586949469 0.262905080547942 0.68599387009958
line 0.262905080547942 0.68599387009958 0.255558321807602 0.68594285071568
line 0.255558321807602 0.68594285071568 0.248185843029629 0.685822790929836
line 0.248185843029629 0.685822790929836 0.240788112607706 0.685632946538371
line 0.240788112607706 0.685632946538371 0.233365612971252 0.685372567048556
line 0.233365612971252 0.685372567048556 0.2259188409729 0.685040895733242
line 0.2259188409729 0.685040895733242 0.218448308285445 0.684637169693878
line 0.218448308285445 0.684637169693878 0.210954541808382 0.68416061993243
line 0.210954541808382 0.68416061993243 0.203438084084172 0.683610471432697
line 0.203438084084172 0.683610471432697 0.195899493724318 0.682985943251559
line 0.195899493724318 0.682985943251559 0.188339345845376 0.682286248620741
line 0.188339345845376 0.682286248620741 0.180758232514982 0.681510595059653
line 0.180758232514982 0.681510595059653 0.17315676320796 0.680658184499936
line 0.17315676320796 0.680658184499936 0.165535565272587 0.679728213422355
line 0.165535565272587 0.679728213422355 0.157895284407053 0.678719873006697
line 0.157895284407053 0.678719873006697 0.150236585146143 0.677632349295385
line 0.150236585146143 0.677632349295385 0.142560151358154 0.676464823371521
line 0.142560151358154 0.676464823371521 0.134866686752026 0.67521647155213
line 0.134866686752026 0.67521647155213 0.127156915394665 0.673886465597383
line 0.127156915394665 0.673886465597383 0.119431582238376 0.672473972936615
line 0.119431582238376 0.672473972936615 0.111691453658338 0.670978156912009
line 0.111691453658338 0.670978156912009 0.103937317999987 0.669398177040812
line 0.103937317999987 0.669398177040812 0.0961699861361529 0.667733189297006
line 0.0961699861361529 0.667733189297006 0.0883902920337763 0.665982346413396
line 0.0883902920337763 0.665982346413396 0.0805990933299604 0.664144798205088
line 0.0805990933299604 0.664144798205088 0.0727972719171001 0.662219691915389
line 0.0727972719171001 0.662219691915389 0.0649857345367687 0.660206172585173
line 0.0649857345367687 0.660206172585173 0.0571654133820005 0.658103383446816
line 0.0571654133820005 0.658103383446816 0.049337266707553 0.65591046634381
line 0.049337266707553 0.65591046634381 0.041502279447676 0.653626562177223
line 0.041502279447676 0.653626562177223 0.0336614638408562 0.651250811380191
line 0.0336614638408562 0.651250811380191 0.0258158600609378 0.648782354421672
line 0.0258158600609378 0.648782354421672 0.0179665368539538 0.646220332340702
line 0.0179665368539538 0.646220332340702 0.010114592179927 0.643563887312456
line 0.010114592179927 0.643563887312456 0.00226115385881883 0.640812163247414
line 0.00226115385881883 0.640812163247414 -0.00559261978027425 0.637964306424977
line -0.00559261978027425 0.637964306424977 -0.0134455392476737 0.6350194661629
line -0.0134455392476737 0.6350194661629 -0.0212963832405067 0.631976795523913
line -0.0212963832405067 0.631976795523913 -0.0291438979901179 0.628835452060959
line -0.0291438979901179 0.628835452060959 -0.0369867966108003 0.625594598602444
line -0.0369867966108003 0.625594598602444 -0.0448237584512515 0.622253404078941
line -0.0448237584512515 0.622253404078941 -0.0526534284502802 0.618811044392786
line -0.0526534284502802 0.618811044392786 -0.0604744164984131 0.61526670333199
line -0.0604744164984131 0.61526670333199 -0.0682852968071813 0.611619573529922
line -0.0682852968071813 0.611619573529922 -0.0760846072880036 0.607868857472154
line -0.0760846072880036 0.607868857472154 -0.0838708489427263 0.604013768551905
line -0.0838708489427263 0.604013768551905 -0.0916424852680285 0.600053532175426
line -0.0916424852680285 0.600053532175426 -0.0993979416760576 0.595987386918696
line -0.0993979416760576 0.595987386918696 -0.10713560493382 0.591814585736709
line -0.10713560493382 0.591814585736709 -0.114853822624021 0.587534397226598
line -0.114853822624021 0.587534397226598 -0.122550902630213 0.583146106945767
line -0.122550902630213 0.583146106945767 -0.130225112649306 0.578649018786136
line -0.130225112649306 0.578649018786136 -0.137874679734649 0.574042456405494
line -0.137874679734649 0.574042456405494 -0.145497789873099 0.569325764716855
line -0.145497789873099 0.569325764716855 -0.153092587599683 0.5644983114366
line -0.153092587599683 0.5644983114366 -0.160657175653623 0.559559488692033
line -0.160657175653623 0.559559488692033 -0.168189614679732 0.55450871468883
line -0.168189614679732 0.55450871468883 -0.175687922979324 0.549345435438686
line -0.175687922979324 0.549345435438686 -0.183150076315045 0.544069126547277
line -0.183150076315045 0.544069126547277 -0.190574007774148 0.538679295062407
line -0.190574007774148 0.538679295062407 -0.197957607694974 0.53317548138202
line -0.197957607694974 0.53317548138202 -0.205298723661569 0.527557261221455
line -0.205298723661569 0.527557261221455 -0.212595160571522 0.521824247639055
line -0.212595160571522 0.521824247639055 -0.219844680782303 0.515976093118938
line -0.219844680782303 0.515976093118938 -0.227045004341512 0.510012491709387
line -0.227045004341512 0.510012491709387 -0.23419380930659 0.503933181214961
line -0.23419380930659 0.503933181214961 -0.241288732159686 0.497737945440068
line -0.241288732159686 0.497737945440068 -0.248327368323441 0.491426616481267
line -0.248327368323441 0.491426616481267 -0.25530727278357 0.484999077065208
line -0.25530727278357 0.484999077065208 -0.262225960824134 0.478455262928578
line -0.262225960824134 0.478455262928578 -0.269080908881467 0.471795165235978
line -0.269080908881467 0.471795165235978 -0.275869555522663 0.465018833031121
line -0.275869555522663 0.465018833031121 -0.282589302554533 0.45812637571621
line -0.282589302554533 0.45812637571621 -0.289237516268816 0.451117965553779
line -0.289237516268816 0.451117965553779 -0.295811528829327 0.443993840184723
line -0.295811528829327 0.443993840184723 -0.302308639806541 0.436754305155626
line -0.302308639806541 0.436754305155626 -0.308726117864875 0.429399736447888
line -0.308726117864875 0.429399736447888 -0.315061202607653 0.421930583000542
line -0.315061202607653 0.421930583000542 -0.321311106584414 0.414347369218004
line -0.321311106584414 0.414347369218004 -0.327473017464772 0.406650697453385
line -0.327473017464772 0.406650697453385 -0.333544100382631 0.398841250457364
line -0.333544100382631 0.398841250457364 -0.339521500453957 0.390919793781988
line -0.339521500453957 0.390919793781988 -0.345402345470738 0.382887178128197
line -0.345402345470738 0.382887178128197 -0.35118374877308 0.374744341625251
line -0.35118374877308 0.374744341625251 -0.356862812300606 0.36649231202973
line -0.356862812300606 0.36649231202973 -0.362436629823526 0.358132208831236
line -0.362436629823526 0.358132208831236 -0.367902290352823 0.349665245251486
line -0.367902290352823 0.349665245251486 -0.373256881728034 0.341092730123051
line -0.373256881728034 0.341092730123051 -0.378497494380045 0.332416069633705
line -0.378497494380045 0.332416069633705 -0.383621225265237 0.323636768922005
line -0.383621225265237 0.323636768922005 -0.388625181966095 0.314756433509626
line -0.388625181966095 0.314756433509626 -0.393506486952214 0.305776770555806
line -0.393506486952214 0.305776770555806 -0.398262281994307 0.296699589919327
line -0.398262281994307 0.296699589919327 -0.402889732722522 0.287526805013552
line -0.402889732722522 0.287526805013552 -0.407386033319018 0.27826043344028
line -0.407386033319018 0.27826043344028 -0.411748411333349 0.268902597388576
line -0.411748411333349 0.268902597388576 -0.415974132607859 0.259455523785208
line -0.415974132607859 0.259455523785208 -0.420060506298859 0.249921544183979
line -0.420060506298859 0.249921544183979 -0.424004889978046 0.240303094382039
line -0.424004889978046 0.240303094382039 -0.427804694797256 0.230602713752171
line -0.427804694797256 0.230602713752171 -0.431457390698382 0.220823044281145
line -0.431457390698382 0.220823044281145 -0.434960511649089 0.210966829305451
line -0.434960511649089 0.210966829305451 -0.43831166088381 0.201036911937084
line -0.43831166088381 0.201036911937084 -0.441508516128508 0.191036233173573
line -0.441508516128508 0.191036233173573 -0.444548834786779 0.180967829688068
line -0.444548834786779 0.180967829688068 -0.447430459064122 0.170834831297063
line -0.447430459064122 0.170834831297063 -0.450151321006562 0.160640458105201
line -0.450151321006562 0.160640458105201 -0.452709447429416 0.150388017328546
line -0.452709447429416 0.150388017328546 -0.455102964711708 0.140080899799775
line -0.455102964711708 0.140080899799775 -0.457330103431677 0.129722576160812
line -0.457330103431677 0.129722576160812 -0.459389202818984 0.119316592750567
line -0.459389202818984 0.119316592750567 -0.461278714999568 0.108866567197602
line -0.461278714999568 0.108866567197602 -0.46299720900967 0.0983761837296869
line -0.46299720900967 0.0983761837296869 -0.464543374556363 0.0878491882143171
line -0.464543374556363 0.0878491882143171 -0.465916025502899 0.0772893829463243
line -0.465916025502899 0.0772893829463243 -0.46711410305846 0.0667006212007018
line -0.46711410305846 0.0667006212007018 -0.468136678653286 0.0560868015706221
line -0.468136678653286 0.0560868015706221 -0.468982956481832 0.0454518621123773
line -0.468982956481832 0.0454518621123773 -0.469652275698394 0.0347997743205624
line -0.469652275698394 0.0347997743205624 -0.470144112251624 0.0241345369582374
line -0.470144112251624 0.0241345369582374 -0.470458080346521 0.0134601697680296
line -0.470458080346521 0.0134601697680296 -0.470593933524702 0.0027807070911501
line -0.470593933524702 0.0027807070911501 -0.470551565356134 -0.00789980857790824
line -0.470551565356134 -0.00789980857790824 -0.470331009737961 -0.0185773330726732
line -0.470331009737961 -0.0185773330726732 -0.469932440798514 -0.0292478270433641
line -0.469932440798514 -0.0292478270433641 -0.469356172407122 -0.0399072624242354
line -0.469356172407122 -0.0399072624242354 -0.468602657292835 -0.0505516288510841
line -0.468602657292835 -0.0505516288510841 -0.467672485777639 -0.0611769400008398
line -0.467672485777639 -0.0611769400008398 -0.466566384132131 -0.0717792398258306
line -0.466566384132131 -0.0717792398258306 -0.465285212563967 -0.0823546086562149
line -0.465285212563967 -0.0823546086562149 -0.463829962851548 -0.0928991691451919
line -0.463829962851548 -0.0928991691451919 -0.46220175563753 -0.10340909203292
line -0.46220175563753 -0.10340909203292 -0.460401837398586 -0.113880601706582
line -0.460401837398586 -0.113880601706582 -0.458431577109631 -0.124309981535696
line -0.458431577109631 -0.124309981535696 -0.456292462622226 -0.134693578963591
line -0.456292462622226 -0.134693578963591 -0.453986096778224 -0.145027810337884
line -0.453986096778224 -0.145027810337884 -0.451514193280848 -0.155309165464821
line -0.451514193280848 -0.155309165464821 -0.448878572346285 -0.165534211874424
line -0.448878572346285 -0.165534211874424 -0.44608115615959 -0.175699598785542
line -0.44608115615959 -0.175699598785542 -0.443123964159128 -0.185802060762017
line -0.443123964159128 -0.185802060762017 -0.440009108174069 -0.195838421053364
line -0.440009108174069 -0.195838421053364 -0.436738787439474 -0.20580559461544
line -0.436738787439474 -0.20580559461544 -0.433315283513352 -0.215700590808684
line -0.433315283513352 -0.215700590808684 -0.429740955119731 -0.225520515773489
line -0.429740955119731 -0.225520515773489 -0.426018232941257 -0.235262574484175
line -0.426018232941257 -0.235262574484175 -0.42214961438415 -0.244924072484874
line -0.42214961438415 -0.244924072484874 -0.418137658337515 -0.254502417312308
line -0.418137658337515 -0.254502417312308 -0.413984979948051 -0.263995119612023
line -0.413984979948051 -0.263995119612023 -0.409694245430114 -0.273399793956093
line -0.409694245430114 -0.273399793956093 -0.405268166929937 -0.282714159371587
line -0.405268166929937 -0.282714159371587 -0.400709497461572 -0.291936039590265
line -0.400709497461572 -0.291936039590265 -0.396021025930782 -0.301063363030954
line -0.396021025930782 -0.301063363030954 -0.391205572261803 -0.310094162526948
line -0.391205572261803 -0.310094162526948 -0.386265982640504 -0.319026574811455
line -0.386265982640504 -0.319026574811455 -0.381205124886082 -0.327858839774721
line -0.381205124886082 -0.327858839774721 -0.376025883962058 -0.33658929950688
line -0.376025883962058 -0.33658929950688 -0.370731157635964 -0.345216397140891
line -0.370731157635964 -0.345216397140891 -0.365323852295776 -0.353738675510111
line -0.365323852295776 -0.353738675510111 -0.359806878929824 -0.362154775635121
line -0.359806878929824 -0.362154775635121 -0.354183149275682 -0.370463435054373
line -0.354183149275682 -0.370463435054373 -0.348455572142307 -0.378663486013104
line -0.348455572142307 -0.378663486013104 -0.342627049908565 -0.38675385352473
line -0.342627049908565 -0.38675385352473 -0.336700475200191 -0.394733553318631
line -0.336700475200191 -0.394733553318631 -0.330678727746235 -0.402601689687855
line -0.330678727746235 -0.402601689687855 -0.324564671415082 -0.410357453249853
line -0.324564671415082 -0.410357453249853 -0.318361151429288 -0.41800011863285
line -0.318361151429288 -0.41800011863285 -0.312070991757666 -0.425529042099938
line -0.312070991757666 -0.425529042099938 -0.305696992682345 -0.432943659122416
line -0.305696992682345 -0.432943659122416 -0.299241928537875 -0.440243481913303
line -0.299241928537875 -0.440243481913303 -0.29270854561888 -0.447428096931351
line -0.29270854561888 -0.447428096931351 -0.286099560252251 -0.454497162365246
line -0.286099560252251 -0.454497162365246 -0.279417657029443 -0.46145040560708
line -0.279417657029443 -0.46145040560708 -0.272665487194043 -0.46828762072352
line -0.272665487194043 -0.46828762072352 -0.265845667179506 -0.475008665932499
line -0.265845667179506 -0.475008665932499 -0.258960777291644 -0.481613461092616
line -0.258960777291644 -0.481613461092616 -0.252013360530299 -0.488101985211842
line -0.252013360530299 -0.488101985211842 -0.245005921544457 -0.49447427398153
line -0.245005921544457 -0.49447427398153 -0.237940925714944 -0.500730417341164
line -0.237940925714944 -0.500730417341164 -0.230820798358804 -0.506870557078716
line -0.230820798358804 -0.506870557078716 -0.223647924049423 -0.512894884470974
line -0.223647924049423 -0.512894884470974 -0.216424646046448 -0.518803637967692
line -0.216424646046448 -0.518803637967692 -0.209153265829636 -0.524597100922908
line -0.209153265829636 -0.524597100922908 -0.201836042730799 -0.530275599376379
line -0.201836042730799 -0.530275599376379 -0.194475193658097 -0.5358394998876
line -0.194475193658097 -0.5358394998876 -0.187072892907095 -0.541289207424501
line -0.187072892907095 -0.541289207424501 -0.179631272053049 -0.546625163308549
line -0.179631272053049 -0.546625163308549 -0.172152419919118 -0.551847843217613
line -0.172152419919118 -0.551847843217613 -0.164638382615292 -0.556957755247635
line -0.164638382615292 -0.556957755247635 -0.157091163643026 -0.561955438033877
line -0.157091163643026 -0.561955438033877 -0.149512724060748 -0.566841458932195
line -0.149512724060748 -0.566841458932195 -0.141904982705581 -0.571616412260585
line -0.141904982705581 -0.571616412260585 -0.134269816466815 -0.576280917600994
line -0.134269816466815 -0.576280917600994 -0.126609060606858 -0.580835618161196
line -0.126609060606858 -0.580835618161196 -0.118924509125577 -0.585281179196329
line -0.118924509125577 -0.585281179196329 -0.111217915164158 -0.589618286489557
line -0.111217915164158 -0.589618286489557 -0.103490991444766 -0.593847644891132
line -0.103490991444766 -0.593847644891132 -0.0957454107425199 -0.597969976915033
line -0.0957454107425199 -0.597969976915033 -0.0879828063864555 -0.60198602139223
line -0.0879828063864555 -0.60198602139223 -0.0802047727863415 -0.605896532179523
line -0.0802047727863415 -0.605896532179523 -0.072412865982397 -0.609702276922814
line -0.072412865982397 -0.609702276922814 -0.0646086042151288 -0.613404035873618
line -0.0646086042151288 -0.613404035873618 -0.0567934685126793 -0.617002600757533
line -0.0567934685126793 -0.617002600757533 -0.0489689032932376 -0.620498773693349
line -0.0489689032932376 -0.620498773693349 -0.0411363169802267 -0.62389336616145
line -0.0411363169802267 -0.62389336616145 -0.033297082628132 -0.627187198020098
line -0.033297082628132 -0.627187198020098 -0.0254525385569799 -0.630381096568209
line -0.0254525385569799 -0.630381096568209 -0.0176039889936188 -0.633475895653181
line -0.0176039889936188 -0.633475895653181 -0.00975270471808696 -0.636472434822339
line -0.00975270471808696 -0.636472434822339 -0.00189992371347768 -0.639371558516564
line -0.00189992371347768 -0.639371558516564 0.00595314818216319 -0.642174115304676
line 0.00595314818216319 -0.642174115304676 0.0138053366232597 -0.644880957157133
line 0.0138053366232597 -0.644880957157133 0.0216554981046905 -0.647492938757651
line 0.0216554981046905 -0.647492938757651 0.0295025193114738 -0.650010916851338
line 0.0295025193114738 -0.650010916851338 0.0373453164711949 -0.652435749627968
line 0.0373453164711949 -0.652435749627968 0.0451828347101245 -0.654768296139054
line 0.0451828347101245 -0.654768296139054 0.0530140474138905 -0.657009415747372
line 0.0530140474138905 -0.657009415747372 0.0608379555934839 -0.65915996760766
line 0.0608379555934839 -0.65915996760766 0.0686535872573035 -0.661220810177208
line 0.0686535872573035 -0.661220810177208 0.0764599967898717 -0.663192800755098
line 0.0764599967898717 -0.663192800755098 0.0842562643377875 -0.665076795048902
line 0.0842562643377875 -0.665076795048902 0.0920414952034184 -0.666873646767643
line 0.0920414952034184 -0.666873646767643 0.0998148192467773 -0.668584207239893
line 0.0998148192467773 -0.668584207239893 0.107575390295973 -0.6702093250559
line 0.107575390295973 -0.6702093250559 0.115322385566573 -0.671749845732659
line 0.115322385566573 -0.671749845732659 0.123055005090174 -0.673206611400908
line 0.123055005090174 -0.673206611400908 0.130772471152425 -0.674580460513027
line 0.130772471152425 -0.674580460513027 0.138474027740715 -0.675872227570881
line 0.138474027740715 -0.675872227570881 0.146158940001689 -0.677082742872668
line 0.146158940001689 -0.677082742872668 0.153826493708741 -0.678212832277874
line 0.153826493708741 -0.678212832277874 0.161475994739578 -0.679263316989457
line 0.161475994739578 -0.679263316989457 0.169106768563935 -0.680235013352432
line 0.169106768563935 -0.680235013352432 0.176718159741493 -0.681128732668053
line 0.176718159741493 -0.681128732668053 0.184309531430016 -0.681945281022811
line 0.184309531430016 -0.681945281022811 0.191880264903722 -0.682685459131515
line 0.191880264903722 -0.682685459131515 0.19942975908186 -0.683350062193734
line 0.19942975908186 -0.683350062193734 0.206957430067457 -0.68393987976293
line 0.206957430067457 -0.68393987976293 0.21446271069619 -0.684455695627609
line 0.21446271069619 -0.684455695627609 0.221945050095306 -0.684898287703884
line 0.221945050095306 -0.684898287703884 0.229403913252513 -0.685268427938828
line 0.229403913252513 -0.685268427938828 0.236838780594744 -0.685566882224054
line 0.236838780594744 -0.685566882224054 0.244249147576695 -0.68579441031898
line 0.244249147576695 -0.68579441031898 0.251634524279019 -0.685951765783226
line 0.251634524279019 -0.685951765783226 0.258994435016044 -0.686039695917678
line 0.258994435016044 -0.686039695917678 0.266328417952908 -0.686058941713704
line 0.266328417952908 -0.686058941713704 0.27363602473194 -0.686010237810093
line 0.27363602473194 -0.686010237810093 0.280916820108181 -0.685894312457254
line 0.280916820108181 -0.685894312457254 0.288170381593863 -0.685711887488291
line 0.288170381593863 -0.685711887488291 0.295396299111718 -0.685463678296516
line 0.295396299111718 -0.685463678296516 0.30259417465695 -0.685150393819062
line 0.30259417465695 -0.685150393819062 0.309763621967714 -0.684772736526204
line 0.309763621967714 -0.684772736526204 0.316904266203946 -0.68433140241607
line 0.316904266203946 -0.68433140241607 0.324015743634374 -0.683827081014387
line 0.324015743634374 -0.683827081014387 0.331097701331551 -0.683260455378983
line 0.331097701331551 -0.683260455378983 0.338149796874752 -0.682632202108725
line 0.338149796874752 -0.682632202108725 0.345171698060557 -0.681942991356618
line 0.345171698060557 -0.681942991356618 0.352163082620968 -0.681193486846808
line 0.352163082620968 -0.681193486846808 0.359123637948893 -0.680384345895222
line 0.359123637948893 -0.680384345895222 0.366053060830827 -0.679516219433605
line 0.366053060830827 -0.679516219433605 0.372951057186582 -0.678589752036741
line 0.372951057186582 -0.678589752036741 0.37981734181589 -0.677605581952615
line 0.37981734181589 -0.677605581952615 0.386651638151727 -0.676564341135333
line 0.386651638151727 -0.676564341135333 0.393453678020202 -0.67546665528059
line 0.393453678020202 -0.67546665528059 0.400223201406853 -0.67431314386351
line 0.400223201406853 -0.67431314386351 0.40695995622919 -0.673104420178675
line 0.40695995622919 -0.673104420178675 0.413663698115345 -0.671841091382179
line 0.413663698115345 -0.671841091382179 0.420334190188663 -0.670523758535554
line 0.420334190188663 -0.670523758535554 0.426971202858111 -0.669153016651409
line 0.426971202858111 -0.669153016651409 0.433574513614324 -0.667729454740655
line 0.433574513614324 -0.667729454740655 0.44014390683119 -0.666253655861163
line 0.44014390683119 -0.666253655861163 0.446679173572786 -0.664726197167753
line 0.446679173572786 -0.664726197167753 0.453180111405574 -0.663147649963369
line 0.453180111405574 -0.663147649963369 0.459646524215679 -0.661518579751348
line 0.459646524215679 -0.661518579751348 0.466078222031157 -0.659839546288669
line 0.466078222031157 -0.659839546288669 0.472475020849084 -0.658111103640073
line 0.472475020849084 -0.658111103640073 0.478836742467378 -0.656333800232975
line 0.478836742467378 -0.656333800232975 0.485163214321194 -0.654508178913066
line 0.485163214321194 -0.654508178913066 0.4914542693238 -0.652634777000531
line 0.4914542693238 -0.652634777000531 0.497709745711794 -0.650714126346791
line 0.497709745711794 -0.650714126346791 0.503929486894557 -0.648746753391705
line 0.503929486894557 -0.648746753391705 0.510113341307826 -0.646733179221162
line 0.510113341307826 -0.646733179221162 0.516261162271275 -0.644673919624983
line 0.516261162271275 -0.644673919624983 0.522372807849996 -0.642569485155092
line 0.522372807849996 -0.642569485155092 0.528448140719775 -0.64042038118388
line 0.528448140719775 -0.64042038118388 0.534487028036062 -0.638227107962715
line 0.534487028036062 -0.638227107962715 0.540489341306525 -0.635990160680542
line 0.540489341306525 -0.635990160680542 0.546454956267108 -0.633710029522541
line 0.546454956267108 -0.633710029522541 0.552383752761475 -0.631387199728767
line 0.552383752761475 -0.631387199728767 0.558275614623765 -0.629022151652761
line 0.558275614623765 -0.629022151652761 0.564130429564559 -0.626615360820077
line 0.564130429564559 -0.626615360820077 0.569948089059968 -0.624167297986689
line 0.569948089059968 -0.624167297986689 0.575728488243765 -0.621678429197246
line 0.575728488243765 -0.621678429197246 0.58147152580247 -0.619149215843145
line 0.58147152580247 -0.619149215843145 0.5871771038733 -0.616580114720385
line 0.5871771038733 -0.616580114720385 0.592845127944925 -0.613971578087188
line 0.592845127944925 -0.613971578087188 0.598475506760932 -0.611324053721342
line 0.598475506760932 -0.611324053721342 0.604068152225926 -0.608637984977262
line 0.604068152225926 -0.608637984977262 0.609622979314207 -0.605913810842736
line 0.609622979314207 -0.605913810842736 0.615139905980934 -0.603151965995329
line 0.615139905980934 -0.603151965995329 0.620618853075718 -0.600352880858454
line 0.620618853075718 -0.600352880858454 0.626059744258577 -0.597516981657052
line 0.626059744258577 -0.597516981657052 0.631462505918175 -0.594644690472904
line 0.631462505918175 -0.594644690472904 0.636827067092299 -0.591736425299539
line 0.636827067092299 -0.591736425299539 0.642153359390495 -0.588792600096723
line 0.642153359390495 -0.588792600096723 0.647441316918816 -0.585813624844536
line 0.647441316918816 -0.585813624844536 0.652690876206611 -0.582799905597004
line 0.652690876206611 -0.582799905597004 0.657901976135313 -0.579751844535293
line 0.657901976135313 -0.579751844535293 0.663074557869149 -0.576669840020448
line 0.663074557869149 -0.576669840020448 0.668208564787746 -0.573554286645669
line 0.668208564787746 -0.573554286645669 0.673303942420551 -0.570405575288121
line 0.673303942420551 -0.570405575288121 0.67836063838304 -0.567224093160272
line 0.67836063838304 -0.567224093160272 0.683378602314644 -0.564010223860752
line 0.683378602314644 -0.564010223860752 0.688357785818366 -0.560764347424722
line 0.688357785818366 -0.560764347424722 0.693298142402017 -0.557486840373772
line 0.693298142402017 -0.557486840373772 0.698199627421055 -0.554178075765306
line 0.698199627421055 -0.554178075765306 0.703062198022956 -0.550838423241459
line 0.703062198022956 -0.550838423241459 0.707885813093087 -0.547468249077503
line 0.707885813093087 -0.547468249077503 0.712670433202041 -0.54406791622976
line 0.712670433202041 -0.54406791622976 0.717416020554388 -0.54063778438303
line 0.717416020554388 -0.54063778438303 0.722122538938806 -0.537178209997507
line 0.722122538938806 -0.537178209997507 0.726789953679551 -0.533689546355207
line 0.726789953679551 -0.533689546355207 0.731418231589229 -0.530172143605901
line 0.731418231589229 -0.530172143605901 0.73600734092284 -0.526626348812552
line 0.73600734092284 -0.526626348812552 0.740557251333051 -0.523052505996253
line 0.740557251333051 -0.523052505996253 0.745067933826667 -0.519450956180683
line 0.745067933826667 -0.519450956180683 0.749539360722268 -0.515822037436066
line 0.749539360722268 -0.515822037436066 0.753971505608982 -0.512166084922646
line 0.753971505608982 -0.512166084922646 0.758364343306351 -0.508483430933676
line 0.758364343306351 -0.508483430933676 0.762717849825283 -0.504774404937924
line 0.762717849825283 -0.504774404937924 0.76703200233003 -0.501039333621703
line 0.76703200233003 -0.501039333621703 0.771306779101192 -0.497278540930426
line 0.771306779101192 -0.497278540930426 0.775542159499703 -0.493492348109682
line 0.775542159499703 -0.493492348109682 0.77973812393177 -0.489681073745855
line 0.77973812393177 -0.489681073745855 0.783894653814756 -0.485845033806268
line 0.783894653814756 -0.485845033806268 0.788011731543962 -0.481984541678874
line 0.788011731543962 -0.481984541678874 0.79208934046029 -0.47809990821149
line 0.79208934046029 -0.47809990821149 0.796127464818776 -0.474191441750572
line 0.796127464818776 -0.474191441750572 0.800126089757943 -0.470259448179557
line 0.800126089757943 -0.470259448179557 0.804085201269979 -0.466304230956748
line 0.804085201269979 -0.466304230956748 0.808004786171698 -0.462326091152769
line 0.808004786171698 -0.462326091152769 0.811884832076276 -0.458325327487587
line 0.811884832076276 -0.458325327487587 0.81572532736573 -0.454302236367102
line 0.81572532736573 -0.454302236367102 0.819526261164128 -0.450257111919317
line 0.819526261164128 -0.450257111919317 0.82328762331151 -0.446190246030088
line 0.82328762331151 -0.446190246030088 0.827009404338494 -0.442101928378461
line 0.827009404338494 -0.442101928378461 0.830691595441561 -0.437992446471602
line 0.830691595441561 -0.437992446471602 0.83433418845898 -0.433862085679325
line 0.83433418845898 -0.433862085679325 0.837937175847386 -0.429711129268217
line 0.837937175847386 -0.429711129268217 0.841500550658963 -0.425539858435377
line 0.841500550658963 -0.425539858435377 0.845024306519237 -0.421348552341767
line 0.845024306519237 -0.421348552341767 0.848508437605454 -0.417137488145176
line 0.848508437605454 -0.417137488145176 0.85195293862553 -0.41290694103281
line 0.85195293862553 -0.41290694103281 0.855357804797554 -0.408657184253518
line 0.855357804797554 -0.408657184253518 0.858723031829836 -0.404388489149639
line 0.858723031829836 -0.404388489149639 0.862048615901482 -0.400101125188497
line 0.862048615901482 -0.400101125188497 0.865334553643479 -0.395795359993541
line 0.865334553643479 -0.395795359993541 0.868580842120285 -0.391471459375131
line 0.868580842120285 -0.391471459375131 0.871787478811904 -0.387129687360983
line 0.871787478811904 -0.387129687360983 0.874954461596433 -0.382770306226269
line 0.874954461596433 -0.382770306226269 0.878081788733075 -0.378393576523393
line 0.878081788733075 -0.378393576523393 0.8811694588456 -0.373999757111429
line 0.8811694588456 -0.373999757111429 0.884217470906246 -0.369589105185238
line 0.884217470906246 -0.369589105185238 0.887225824220047 -0.365161876304271
line 0.887225824220047 -0.365161876304271 0.890194518409574 -0.360718324421052
line 0.890194518409574 -0.360718324421052 0.893123553400089 -0.35625870190936
line 0.893123553400089 -0.35625870190936 0.896012929405091 -0.351783259592106
line 0.896012929405091 -0.351783259592106 0.898862646912243 -0.347292246768907
line 0.898862646912243 -0.347292246768907 0.901672706669681 -0.342785911243379
line 0.901672706669681 -0.342785911243379 0.904443109672688 -0.338264499350131
line 0.904443109672688 -0.338264499350131 0.907173857150724 -0.333728255981486
line 0.907173857150724 -0.333728255981486 0.909864950554806 -0.32917742461392
line 0.909864950554806 -0.32917742461392 0.912516391545223 -0.324612247334227
line 0.912516391545223 -0.324612247334227 0.915128181979589 -0.320032964865424
line 0.915128181979589 -0.320032964865424 0.917700323901216 -0.315439816592388
line 0.917700323901216 -0.315439816592388 0.9202328195278 -0.310833040587233
line 0.9202328195278 -0.310833040587233 0.922725671240416 -0.306212873634445
line 0.922725671240416 -0.306212873634445 0.925178881572817 -0.301579551255758
line 0.925178881572817 -0.301579551255758 0.927592453201019 -0.296933307734794
line 0.927592453201019 -0.296933307734794 0.929966388933176 -0.292274376141459
line 0.929966388933176 -0.292274376141459 0.932300691699734 -0.287602988356114
line 0.932300691699734 -0.287602988356114 0.934595364543856 -0.282919375093509
line 0.934595364543856 -0.282919375093509 0.936850410612113 -0.278223765926498
line 0.936850410612113 -0.278223765926498 0.939065833145433 -0.27351638930953
line 0.939065833145433 -0.27351638930953 0.941241635470311 -0.268797472601928
line 0.941241635470311 -0.268797472601928 0.943377820990255 -0.264067242090959
line 0.943377820990255 -0.264067242090959 0.945474393177484 -0.259325923014694
line 0.945474393177484 -0.259325923014694 0.947531355564857 -0.254573739584668
line 0.947531355564857 -0.254573739584668 0.949548711738037 -0.249810915008344
line 0.949548711738037 -0.249810915008344 0.951526465327878 -0.245037671511384
line 0.951526465327878 -0.245037671511384 0.953464620003033 -0.240254230359729
line 0.953464620003033 -0.240254230359729 0.95536317946278 -0.235460811881497
line 0.95536317946278 -0.235460811881497 0.957222147430061 -0.230657635488703
line 0.957222147430061 -0.230657635488703 0.959041527644717 -0.225844919698798
line 0.959041527644717 -0.225844919698798 0.960821323856943 -0.221022882156042
line 0.960821323856943 -0.221022882156042 0.962561539820926 -0.216191739652707
line 0.962561539820926 -0.216191739652707 0.964262179288683 -0.211351708150115
line 0.964262179288683 -0.211351708150115 0.965923246004088 -0.206503002799525
line 0.965923246004088 -0.206503002799525 0.967544743697089 -0.201645837962852
line 0.967544743697089 -0.201645837962852 0.969126676078095 -0.196780427233245
line 0.969126676078095 -0.196780427233245 0.970669046832559 -0.19190698345552
line 0.970669046832559 -0.19190698345552 0.972171859615721 -0.187025718746437
line 0.972171859615721 -0.187025718746437 0.973635118047528 -0.182136844514852
line 0.973635118047528 -0.182136844514852 0.975058825707728 -0.177240571481725
line 0.975058825707728 -0.177240571481725 0.976442986131117 -0.172337109700004
line 0.976442986131117 -0.172337109700004 0.97778760280296 -0.16742666857437
line 0.97778760280296 -0.16742666857437 0.979092679154564 -0.162509456880875
line 0.979092679154564 -0.162509456880875 0.980358218559007 -0.157585682786442
line 0.980358218559007 -0.157585682786442 0.981584224327027 -0.152655553868265
line 0.981584224327027 -0.152655553868265 0.982770699703055 -0.147719277133086
line 0.982770699703055 -0.147719277133086 0.983917647861399 -0.142777059036366
line 0.983917647861399 -0.142777059036366 0.985025071902575 -0.137829105501357
line 0.985025071902575 -0.137829105501357 0.986092974849776 -0.132875621938062
line 0.986092974849776 -0.132875621938062 0.987121359645492 -0.127916813262108
line 0.987121359645492 -0.127916813262108 0.988110229148263 -0.12295288391352
line 0.988110229148263 -0.12295288391352 0.989059586129564 -0.117984037875402
line 0.989059586129564 -0.117984037875402 0.989969433270838 -0.113010478692538
line 0.989969433270838 -0.113010478692538 0.990839773160648 -0.108032409489904
line 0.990839773160648 -0.108032409489904 0.991670608291974 -0.103050032991105
line 0.991670608291974 -0.103050032991105 0.992461941059626 -0.0980635515367291
line 0.992461941059626 -0.0980635515367291 0.993213773757798 -0.0930731671026397
line 0.993213773757798 -0.0930731671026397 0.993926108577736 -0.088079081318187
line 0.993926108577736 -0.088079081318187 0.994598947605543 -0.0830814954843614
line 0.994598947605543 -0.0830814954843614 0.995232292820097 -0.0780806105918824
line 0.995232292820097 -0.0780806105918824 0.995826146091099 -0.0730766273392286
line 0.995826146091099 -0.0730766273392286 0.996380509177237 -0.0680697461506126
line 0.996380509177237 -0.0680697461506126 0.996895383724473 -0.0630601671939042
line 0.996895383724473 -0.0630601671939042 0.997370771264447 -0.058048090398505
line 0.997370771264447 -0.058048090398505 0.997806673212997 -0.0530337154731777
line 0.997806673212997 -0.0530337154731777 0.998203090868803 -0.0480172419238341
line 0.998203090868803 -0.0480172419238341 0.998560025412138 -0.0429988690712844
line 0.998560025412138 -0.0429988690712844 0.99887747790374 -0.0379787960689517
line 0.99887747790374 -0.0379787960689517 0.999155449283794 -0.0329572219205551
line 0.999155449283794 -0.0329572219205551 0.999393940371035 -0.0279343454977637
line 0.999393940371035 -0.0279343454977637 0.999592951861956 -0.0229103655578269
line 0.999592951861956 -0.0229103655578269 0.999752484330133 -0.0178854807611823
line 0.999752484330133 -0.0178854807611823 0.999872538225664 -0.0128598896890454
line 0.999872538225664 -0.0128598896890454 0.999953113874715 -0.00783379086098437
line 0.999953113874715 -0.00783379086098437 0.999994211479184 -0.0028073827524836
line 0.999994211479184 -0.0028073827524836 0.999995831116468 0.00221913618750148
fillcirc 0.999995831116468 0.00221913618750148 0.05
1.129994e+00 2.662961e-03 "Jan 1"
line 0.999995831116468 0.00221913618750148 0.999957972739349 0.00724556751899441
line 0.999957972739349 0.00724556751899441 0.999880636175993 0.0122717127934494
line 0.999880636175993 0.0122717127934494 0.999763821130046 0.0172973735362012
line 0.999763821130046 0.0172973735362012 0.999607527180861 0.0223223512289104
line 0.999607527180861 0.0223223512289104 0.999411753783821 0.027346447292
line 0.999411753783821 0.027346447292 0.99917650027078 0.0323694630670807
line 0.99917650027078 0.0323694630670807 0.998901765850617 0.0373911997993611
line 0.998901765850617 0.0373911997993611 0.998587549609902 0.0424114586200396
line 0.998587549609902 0.0424114586200396 0.998233850513669 0.0474300405286751
line 0.998233850513669 0.0474300405286751 0.99784066740631 0.052446746375532
line 0.99784066740631 0.052446746375532 0.997407999012577 0.0574613768438979
line 0.997407999012577 0.0574613768438979 0.996935843938705 0.0624737324323692
line 0.996935843938705 0.0624737324323692 0.996424200673642 0.0674836134371013
line 0.996424200673642 0.0674836134371013 0.9958730675904 0.0724908199340216
line 0.9958730675904 0.0724908199340216 0.995282442947522 0.0774951517609998
line 0.995282442947522 0.0774951517609998 0.994652324890669 0.0824964084999734
line 0.994652324890669 0.0824964084999734 0.993982711454317 0.087494389459025
line 0.993982711454317 0.087494389459025 0.993273600563587 0.0924888936544074
line 0.993273600563587 0.0924888936544074 0.992524990036183 0.0974797197925136
line 0.992524990036183 0.0974797197925136 0.991736877584463 0.102466666251788
line 0.991736877584463 0.102466666251788 0.990909260817623 0.107449531064576
line 0.990909260817623 0.107449531064576 0.990042137244017 0.112428111898905
line 0.990042137244017 0.112428111898905 0.989135504273596 0.117402206040202
line 0.989135504273596 0.117402206040202 0.988189359220473 0.122371610372935
line 0.988189359220473 0.122371610372935 0.987203699305628 0.127336121362174
line 0.987203699305628 0.127336121362174 0.986178521659731 0.132295535035084
line 0.986178521659731 0.132295535035084 0.98511382332611 0.137249646962321
line 0.98511382332611 0.137249646962321 0.984009601263843 0.142198252239353
line 0.984009601263843 0.142198252239353 0.982865852350999 0.147141145467684
line 0.982865852350999 0.147141145467684 0.981682573388006 0.152078120735986
line 0.981682573388006 0.152078120735986 0.980459761101168 0.157008971601131
line 0.980459761101168 0.157008971601131 0.979197412146323 0.161933491069129
line 0.979197412146323 0.161933491069129 0.977895523112646 0.16685147157595
line 0.977895523112646 0.16685147157595 0.976554090526604 0.17176270496825
line 0.976554090526604 0.17176270496825 0.975173110856054 0.176666982483973
line 0.975173110856054 0.176666982483973 0.973752580514504 0.181564094732845
line 0.973752580514504 0.181564094732845 0.972292495865521 0.186453831676746
line 0.972292495865521 0.186453831676746 0.970792853227307 0.191335982609956
line 0.970792853227307 0.191335982609956 0.969253648877428 0.196210336139276
line 0.969253648877428 0.196210336139276 0.967674879057714 0.20107668016402
line 0.967674879057714 0.20107668016402 0.966056539979327 0.205934801855862
line 0.966056539979327 0.205934801855862 0.964398627827995 0.210784487638561
line 0.964398627827995 0.210784487638561 0.962701138769431 0.215625523167523
line 0.962701138769431 0.215625523167523 0.960964068954916 0.220457693309235
line 0.960964068954916 0.220457693309235 0.95918741452708 0.22528078212053
line 0.95918741452708 0.22528078212053 0.957371171625855 0.230094572827714
line 0.957371171625855 0.230094572827714 0.955515336394626 0.234898847805522
line 0.955515336394626 0.234898847805522 0.953619904986575 0.239693388555914
line 0.953619904986575 0.239693388555914 0.951684873571218 0.244477975686708
line 0.951684873571218 0.244477975686708 0.94971023834115 0.249252388890033
line 0.94971023834115 0.249252388890033 0.947695995518991 0.254016406920617
line 0.947695995518991 0.254016406920617 0.945642141364549 0.258769807573884
line 0.945642141364549 0.258769807573884 0.943548672182195 0.263512367663877
fillcirc 0.943548672182195 0.263512367663877 0.05
1.066102e+00 3.172883e-01 "Feb 1"
line 0.943548672182195 0.263512367663877 0.941415584328457 0.268243863000984
line 0.941415584328457 0.268243863000984 0.939242874219848 0.272964068369477
line 0.939242874219848 0.272964068369477 0.937030538340913 0.277672757504852
line 0.937030538340913 0.277672757504852 0.934778573252525 0.282369703070966
line 0.934778573252525 0.282369703070966 0.932486975600412 0.287054676636969
line 0.932486975600412 0.287054676636969 0.930155742123939 0.291727448654027
line 0.930155742123939 0.291727448654027 0.927784869665136 0.296387788431825
line 0.927784869665136 0.296387788431825 0.925374355177997 0.301035464114861
line 0.925374355177997 0.301035464114861 0.922924195738032 0.305670242658499
line 0.922924195738032 0.305670242658499 0.920434388552099 0.310291889804812
line 0.920434388552099 0.310291889804812 0.91790493096851 0.314900170058176
line 0.91790493096851 0.314900170058176 0.915335820487429 0.319494846660633
line 0.915335820487429 0.319494846660633 0.912727054771555 0.324075681567014
line 0.912727054771555 0.324075681567014 0.91007863165711 0.328642435419804
line 0.91007863165711 0.328642435419804 0.907390549165131 0.333194867523765
line 0.907390549165131 0.333194867523765 0.904662805513079 0.337732735820298
line 0.904662805513079 0.337732735820298 0.90189539912677 0.342255796861536
line 0.90189539912677 0.342255796861536 0.899088328652638 0.346763805784181
line 0.899088328652638 0.346763805784181 0.896241592970335 0.351256516283063
line 0.896241592970335 0.351256516283063 0.893355191205682 0.355733680584419
line 0.893355191205682 0.355733680584419 0.890429122743973 0.360195049418894
line 0.890429122743973 0.360195049418894 0.887463387243651 0.364640371994255
line 0.887463387243651 0.364640371994255 0.884457984650351 0.369069395967809
line 0.884457984650351 0.369069395967809 0.881412915211338 0.373481867418528
line 0.881412915211338 0.373481867418528 0.878328179490331 0.377877530818864
line 0.878328179490331 0.377877530818864 0.875203778382741 0.382256129006268
line 0.875203778382741 0.382256129006268 0.872039713131316 0.386617403154382
line 0.872039713131316 0.386617403154382 0.868835985342221 0.390961092743924
line 0.868835985342221 0.390961092743924 0.865592597001555 0.395286935533244
line 0.865592597001555 0.395286935533244 0.86230955049231 0.39959466752855
line 0.86230955049231 0.39959466752855 0.858986848611803 0.403884022953806
line 0.858986848611803 0.403884022953806 0.855624494589576 0.408154734220283
line 0.855624494589576 0.408154734220283 0.852222492105781 0.412406531895771
line 0.852222492105781 0.412406531895771 0.848780845310069 0.416639144673439
line 0.848780845310069 0.416639144673439 0.845299558840992 0.420852299340337
line 0.845299558840992 0.420852299340337 0.841778637845925 0.425045720745543
line 0.841778637845925 0.425045720745543 0.838218088001539 0.42921913176794
line 0.838218088001539 0.42921913176794 0.834617915534823 0.43337225328362
line 0.834617915534823 0.43337225328362 0.830978127244679 0.437504804132916
line 0.830978127244679 0.437504804132916 0.8272987305241 0.441616501087049
line 0.8272987305241 0.441616501087049 0.823579733382956 0.445707058814388
line 0.823579733382956 0.445707058814388 0.819821144471398 0.449776189846318
line 0.819821144471398 0.449776189846318 0.816022973103886 0.453823604542706
line 0.816022973103886 0.453823604542706 0.812185229283887 0.457849011056976
line 0.812185229283887 0.457849011056976 0.808307923729234 0.461852115300758
line 0.808307923729234 0.461852115300758 0.804391067898172 0.46583262090814
line 0.804391067898172 0.46583262090814 0.800434674016121 0.46979022919949
line 0.800434674016121 0.46979022919949 0.796438755103157 0.473724639144861
line 0.796438755103157 0.473724639144861 0.79240332500225 0.477635547326967
line 0.79240332500225 0.477635547326967 0.788328398408265 0.481522647903718
line 0.788328398408265 0.481522647903718 0.784213990897753 0.485385632570332
line 0.784213990897753 0.485385632570332 0.780060118959557 0.489224190520988
line 0.780060118959557 0.489224190520988 0.77586680002625 0.49303800841004
fillcirc 0.77586680002625 0.49303800841004 0.05
8.745277e-01 6.002165e-01 "Mar 1"
line 0.77586680002625 0.49303800841004 0.771634052506432 0.496826770312781
line 0.771634052506432 0.496826770312781 0.767361895817909 0.500590157685743
line 0.767361895817909 0.500590157685743 0.76305035042178 0.504327849326545
line 0.76305035042178 0.504327849326545 0.758699437857448 0.508039521333266
line 0.758699437857448 0.508039521333266 0.754309180778603 0.511724847063364
line 0.754309180778603 0.511724847063364 0.749879602990176 0.515383497092107
line 0.749879602990176 0.515383497092107 0.745410729486318 0.519015139170538
line 0.745410729486318 0.519015139170538 0.74090258648941 0.522619438182958
line 0.74090258648941 0.522619438182958 0.736355201490149 0.526196056103928
line 0.736355201490149 0.526196056103928 0.731768603288736 0.529744651954783
line 0.731768603288736 0.529744651954783 0.727142822037194 0.533264881759658
line 0.727142822037194 0.533264881759658 0.722477889282851 0.536756398501031
line 0.722477889282851 0.536756398501031 0.717773838013019 0.540218852074761
line 0.717773838013019 0.540218852074761 0.713030702700909 0.543651889244645
line 0.713030702700909 0.543651889244645 0.708248519352804 0.547055153596471
line 0.708248519352804 0.547055153596471 0.703427325556544 0.550428285491578
line 0.703427325556544 0.550428285491578 0.698567160531344 0.553770922019918
line 0.698567160531344 0.553770922019918 0.693668065178993 0.557082696952622
line 0.693668065178993 0.557082696952622 0.688730082136465 0.560363240694068
line 0.688730082136465 0.560363240694068 0.683753255829998 0.563612180233452
line 0.683753255829998 0.563612180233452 0.678737632530659 0.566829139095868
line 0.678737632530659 0.566829139095868 0.673683260411461 0.570013737292887
line 0.673683260411461 0.570013737292887 0.668590189606064 0.573165591272655
line 0.668590189606064 0.573165591272655 0.663458472269103 0.576284313869499
line 0.663458472269103 0.576284313869499 0.6582881626382 0.579369514253041
line 0.6582881626382 0.579369514253041 0.6530793170977 0.58242079787685
line 0.6530793170977 0.58242079787685 0.647831994244186 0.585437766426601
line 0.647831994244186 0.585437766426601 0.642546254953813 0.588420017767777
line 0.642546254953813 0.588420017767777 0.637222162451534 0.591367145892908
line 0.637222162451534 0.591367145892908 0.631859782382244 0.594278740868346
line 0.631859782382244 0.594278740868346 0.626459182883929 0.59715438878061
line 0.626459182883929 0.59715438878061 0.621020434662849 0.599993671682284
line 0.621020434662849 0.599993671682284 0.61554361107083 0.602796167537489
line 0.61554361107083 0.602796167537489 0.610028788184723 0.605561450166953
line 0.610028788184723 0.605561450166953 0.604476044888084 0.608289089192663
line 0.604476044888084 0.608289089192663 0.598885462955154 0.610978649982151
line 0.598885462955154 0.610978649982151 0.593257127137187 0.613629693592392
line 0.593257127137187 0.613629693592392 0.58759112525121 0.616241776713357
line 0.58759112525121 0.616241776713357 0.58188754827127 0.618814451611235
line 0.58188754827127 0.618814451611235 0.576146490422249 0.62134726607133
line 0.576146490422249 0.62134726607133 0.570368049276322 0.623839763340672
line 0.570368049276322 0.623839763340672 0.564552325852121 0.626291482070363
line 0.564552325852121 0.626291482070363 0.558699424716692 0.628701956257666
line 0.558699424716692 0.628701956257666 0.552809454090333 0.631070715187894
line 0.552809454090333 0.631070715187894 0.546882525954367 0.633397283376101
line 0.546882525954367 0.633397283376101 0.54091875616197 0.635681180508622
line 0.54091875616197 0.635681180508622 0.534918264552106 0.637921921384496
line 0.534918264552106 0.637921921384496 0.528881175066687 0.640119015856803
line 0.528881175066687 0.640119015856803 0.522807615871024 0.642271968773953
line 0.522807615871024 0.642271968773953 0.51669771947768 0.644380279920979
line 0.51669771947768 0.644380279920979 0.510551622873813 0.646443443960867
line 0.510551622873813 0.646443443960867 0.504369467652106 0.648460950375985
fillcirc 0.504369467652106 0.648460950375985 0.05
5.569918e-01 8.061148e-01 "Apr 1"
line 0.504369467652106 0.648460950375985 0.498151400145388 0.650432283409641
line 0.498151400145388 0.650432283409641 0.491897571565049 0.652356922007851
line 0.491897571565049 0.652356922007851 0.485608138143351 0.654234339761353
line 0.485608138143351 0.654234339761353 0.479283261279745 0.656064004847941
line 0.479283261279745 0.656064004847941 0.472923107691313 0.65784537997518
line 0.472923107691313 0.65784537997518 0.466527849567428 0.659577922323578
line 0.466527849567428 0.659577922323578 0.460097664728774 0.661261083490279
line 0.460097664728774 0.661261083490279 0.453632736790822 0.66289430943337
line 0.453632736790822 0.66289430943337 0.447133255331902 0.664477040416874
line 0.447133255331902 0.664477040416874 0.44059941606598 0.66600871095652
line 0.44059941606598 0.66600871095652 0.434031421020279 0.667488749766399
line 0.434031421020279 0.667488749766399 0.42742947871786 0.668916579706582
line 0.42742947871786 0.668916579706582 0.420793804365316 0.670291617731828
line 0.420793804365316 0.670291617731828 0.414124620045689 0.671613274841479
line 0.414124620045689 0.671613274841479 0.407422154916768 0.672880956030676
line 0.407422154916768 0.672880956030676 0.400686645414898 0.674094060243007
line 0.400686645414898 0.674094060243007 0.39391833546444 0.67525198032473
line 0.39391833546444 0.67525198032473 0.387117476693041 0.676354102980706
line 0.387117476693041 0.676354102980706 0.380284328652843 0.677399808732203
line 0.380284328652843 0.677399808732203 0.373419159047798 0.678388471876708
line 0.373419159047798 0.678388471876708 0.366522243967228 0.679319460449932
line 0.366522243967228 0.679319460449932 0.359593868125789 0.680192136190173
line 0.359593868125789 0.680192136190173 0.352634325110002 0.68100585450523
line 0.352634325110002 0.68100585450523 0.345643917631495 0.681759964442047
line 0.345643917631495 0.681759964442047 0.338622957787124 0.68245380865932
line 0.338622957787124 0.68245380865932 0.33157176732614 0.683086723403253
line 0.33157176732614 0.683086723403253 0.324490677924548 0.683658038486717
line 0.324490677924548 0.683658038486717 0.317380031466837 0.684167077272039
line 0.317380031466837 0.684167077272039 0.310240180335234 0.684613156657676
line 0.310240180335234 0.684613156657676 0.30307148770665 0.684995587069048
line 0.30307148770665 0.684995587069048 0.295874327857492 0.685313672453801
line 0.295874327857492 0.685313672453801 0.288649086476483 0.685566710281801
line 0.288649086476483 0.685566710281801 0.281396160985676 0.685753991550175
line 0.281396160985676 0.685753991550175 0.27411596086981 0.685874800793706
line 0.27411596086981 0.685874800793706 0.266808908014178 0.685928416100951
line 0.266808908014178 0.685928416100951 0.259475437051151 0.685914109136421
line 0.259475437051151 0.685914109136421 0.252115995715538 0.685831145169213
line 0.252115995715538 0.685831145169213 0.244731045208907 0.685678783108485
line 0.244731045208907 0.685678783108485 0.237321060573033 0.685456275546186
line 0.237321060573033 0.685456275546186 0.229886531072612 0.685162868807499
line 0.229886531072612 0.685162868807499 0.222427960587376 0.684797803009418
line 0.222427960587376 0.684797803009418 0.214945868013746 0.684360312127972
line 0.214945868013746 0.684360312127972 0.207440787676135 0.683849624074584
line 0.207440787676135 0.683849624074584 0.199913269748035 0.683264960782078
line 0.199913269748035 0.683264960782078 0.192363880682971 0.682605538300909
line 0.192363880682971 0.682605538300909 0.184793203655436 0.681870566906168
line 0.184793203655436 0.681870566906168 0.17720183901188 0.681059251215971
line 0.17720183901188 0.681059251215971 0.16959040473182 0.680170790321866
line 0.16959040473182 0.680170790321866 0.161959536899131 0.679204377931891
line 0.161959536899131 0.679204377931891 0.154309890183554 0.678159202526995
line 0.154309890183554 0.678159202526995 0.14664213833243 0.677034447531505
line 0.14664213833243 0.677034447531505 0.138956974672679 0.675829291498402
line 0.138956974672679 0.675829291498402 0.131255112622971 0.674542908310168
fillcirc 0.131255112622971 0.674542908310168 0.05
9.937788e-02 8.704625e-01 "May 1"
line 0.131255112622971 0.674542908310168 0.123537286216076 0.673174467396011
line 0.123537286216076 0.673174467396011 0.115804250631282 0.671723133966298
line 0.115804250631282 0.671723133966298 0.108056782736805 0.67018806926508
line 0.108056782736805 0.67018806926508 0.100295681642041 0.668568430841585
line 0.100295681642041 0.668568430841585 0.092521769259495 0.666863372841642
line 0.092521769259495 0.666863372841642 0.0847358908761787 0.665072046319985
line 0.0847358908761787 0.665072046319985 0.076938915734229 0.663193599574445
line 0.076938915734229 0.663193599574445 0.0691317376204587 0.661227178503075
line 0.0691317376204587 0.661227178503075 0.0613152754644994 0.65917192698527
line 0.0613152754644994 0.65917192698527 0.0534904739451489 0.657026987287996
line 0.0534904739451489 0.657026987287996 0.0456583041044806 0.654791500498268
line 0.0456583041044806 0.654791500498268 0.037819763969214 0.652464606983036
line 0.037819763969214 0.652464606983036 0.0299758791787821 0.650045446877719
line 0.0299758791787821 0.650045446877719 0.0221277036194651 0.647533160604585
line 0.0221277036194651 0.647533160604585 0.0142763200638881 0.644926889422281
line 0.0142763200638881 0.644926889422281 0.00642284081510549 0.642225776007792
line 0.00642284081510549 0.642225776007792 -0.00143159164559086 0.639428965072162
line -0.00143159164559086 0.639428965072162 -0.00928580400808307 0.636535604011334
line -0.00928580400808307 0.636535604011334 -0.0171385914810992 0.633544843593472
line -0.0171385914810992 0.633544843593472 -0.0249887171392811 0.630455838684171
line -0.0249887171392811 0.630455838684171 -0.0328349112708869 0.627267749010967
line -0.0328349112708869 0.627267749010967 -0.0406758707274783 0.623979739968565
line -0.0406758707274783 0.623979739968565 -0.0485102582770544 0.620590983466222
line -0.0485102582770544 0.620590983466222 -0.0563367019622182 0.617100658818727
line -0.0563367019622182 0.617100658818727 -0.0641537944650875 0.613507953682413
line -0.0641537944650875 0.613507953682413 -0.0719600924807964 0.609812065037615
line -0.0719600924807964 0.609812065037615 -0.079754116101573 0.606012200219016
line -0.079754116101573 0.606012200219016 -0.0875343482135248 0.60210757799524
line -0.0875343482135248 0.60210757799524 -0.0952992339084167 0.598097429699083
line -0.0952992339084167 0.598097429699083 -0.103047179912883 0.593981000409676
line -0.103047179912883 0.593981000409676 -0.110776554037682 0.589757550187873
line -0.110776554037682 0.589757550187873 -0.118485684649762 0.585426355366061
line -0.118485684649762 0.585426355366061 -0.126172860170104 0.580986709893537
line -0.126172860170104 0.580986709893537 -0.13383632860045 0.576437926738507
line -0.13383632860045 0.576437926738507 -0.141474297082253 0.571779339347646
line -0.141474297082253 0.571779339347646 -0.149084931491336 0.567010303164084
line -0.149084931491336 0.567010303164084 -0.156666356071949 0.562130197204496
line -0.156666356071949 0.562130197204496 -0.164216653114126 0.557138425695888
line -0.164216653114126 0.557138425695888 -0.171733862678392 0.55203441977245
line -0.171733862678392 0.55203441977245 -0.179215982372117 0.546817639232709
line -0.179215982372117 0.546817639232709 -0.186660967181957 0.541487574356967
line -0.186660967181957 0.541487574356967 -0.194066729367047 0.536043747784827
line -0.194066729367047 0.536043747784827 -0.201431138417768 0.530485716452309
line -0.201431138417768 0.530485716452309 -0.208752021085118 0.524813073587852
line -0.208752021085118 0.524813073587852 -0.216027161485846 0.519025450766123
line -0.216027161485846 0.519025450766123 -0.223254301288712 0.513122520018305
line -0.223254301288712 0.513122520018305 -0.230431139987346 0.507103995997146
line -0.230431139987346 0.507103995997146 -0.237555335265338 0.500969638194681
line -0.237555335265338 0.500969638194681 -0.244624503459275 0.49471925321017
line -0.244624503459275 0.49471925321017 -0.25163622012556 0.488352697065317
line -0.25163622012556 0.488352697065317 -0.258588020716909 0.481869877563443
line -0.258588020716909 0.481869877563443 -0.265477401374435 0.47527075668876
fillcirc -0.265477401374435 0.47527075668876 0.05
-4.327854e-01 6.494763e-01 "Jun 1"
line -0.265477401374435 0.47527075668876 -0.272301819841289 0.468555353041401
line -0.272301819841289 0.468555353041401 -0.279058696503748 0.46172374430337
line -0.279058696503748 0.46172374430337 -0.285745415565623 0.454776069729954
line -0.285745415565623 0.454776069729954 -0.292359326361715 0.447712532660648
line -0.292359326361715 0.447712532660648 -0.298897744815924 0.440533403042989
line -0.298897744815924 0.440533403042989 -0.305357955049405 0.433239019962139
line -0.305357955049405 0.433239019962139 -0.311737211143906 0.425829794168403
line -0.311737211143906 0.425829794168403 -0.318032739065121 0.41830621059426
line -0.318032739065121 0.41830621059426 -0.324241738750504 0.41066883085186
line -0.324241738750504 0.41066883085186 -0.330361386365576 0.402918295701302
line -0.330361386365576 0.402918295701302 -0.336388836732231 0.395055327479367
line -0.336388836732231 0.395055327479367 -0.342321225931984 0.387080732477824
line -0.342321225931984 0.387080732477824 -0.348155674086467 0.378995403259764
line -0.348155674086467 0.378995403259764 -0.35388928831675 0.370800320901915
line -0.35388928831675 0.370800320901915 -0.359519165882273 0.362496557150322
line -0.359519165882273 0.362496557150322 -0.365042397499319 0.354085276476301
line -0.365042397499319 0.354085276476301 -0.370456070838013 0.345567738019152
line -0.370456070838013 0.345567738019152 -0.375757274195819 0.336945297401703
line -0.375757274195819 0.336945297401703 -0.380943100344427 0.3282194084045
line -0.380943100344427 0.3282194084045 -0.386010650545792 0.319391624484192
line -0.386010650545792 0.319391624484192 -0.390957038731856 0.310463600121531
line -0.390957038731856 0.310463600121531 -0.395779395841255 0.301437091984381
line -0.395779395841255 0.301437091984381 -0.400474874304985 0.292313959891169
line -0.400474874304985 0.292313959891169 -0.405040652671669 0.283096167560422
line -0.405040652671669 0.283096167560422 -0.409473940361706 0.273785783132304
line -0.409473940361706 0.273785783132304 -0.41377198253819 0.264384979448543
line -0.41377198253819 0.264384979448543 -0.417932065081094 0.254896034077665
line -0.417932065081094 0.254896034077665 -0.421951519649861 0.245321329073203
line -0.421951519649861 0.245321329073203 -0.425827728818176 0.235663350453379
line -0.425827728818176 0.235663350453379 -0.429558131263402 0.225924687391781
line -0.429558131263402 0.225924687391781 -0.433140226991902 0.216108031109691
line -0.433140226991902 0.216108031109691 -0.436571582580315 0.206216173462029
line -0.436571582580315 0.206216173462029 -0.439849836411764 0.196252005210305
line -0.439849836411764 0.196252005210305 -0.44297270388503 0.186218513977539
line -0.44297270388503 0.186218513977539 -0.445937982573866 0.176118781881828
line -0.445937982573866 0.176118781881828 -0.448743557312953 0.165955982847
line -0.448743557312953 0.165955982847 -0.451387405186475 0.155733379590771
line -0.451387405186475 0.155733379590771 -0.453867600394924 0.145454320292772
line -0.453867600394924 0.145454320292772 -0.456182318975593 0.135122234946887
line -0.456182318975593 0.135122234946887 -0.458329843352256 0.124740631404495
line -0.458329843352256 0.124740631404495 -0.460308566689771 0.11431309111731
line -0.460308566689771 0.11431309111731 -0.462116997029816 0.103843264590681
line -0.462116997029816 0.103843264590681 -0.463753761184634 0.0933348665603688
line -0.463753761184634 0.0933348665603688 -0.465217608366591 0.0827916709078681
line -0.465217608366591 0.0827916709078681 -0.466507413532423 0.0722175053313915
line -0.466507413532423 0.0722175053313915 -0.467622180422442 0.0616162457915592
line -0.467622180422442 0.0616162457915592 -0.468561044276446 0.0509918107526419
line -0.468561044276446 0.0509918107526419 -0.469323274209832 0.0403481552418838
line -0.469323274209832 0.0403481552418838 -0.469908275235315 0.0296892647509372
line -0.469908275235315 0.0296892647509372 -0.470315589917696 0.0190191490047705
line -0.470315589917696 0.0190191490047705 -0.47054489965133 0.00834183562452909
line -0.47054489965133 0.00834183562452909 -0.470596025552265 -0.00233863628826009
line -0.470596025552265 -0.00233863628826009 -0.470468928959392 -0.0130182226180745
fillcirc -0.470468928959392 -0.0130182226180745 0.05
-7.403964e-01 -1.855036e-02 "Jul 1"
line -0.470468928959392 -0.0130182226180745 -0.470163711541456 -0.0236928807238707
line -0.470163711541456 -0.0236928807238707 -0.469680615009231 -0.0343585759209541
line -0.469680615009231 -0.0343585759209541 -0.469020020434708 -0.0450112879276071
line -0.469020020434708 -0.0450112879276071 -0.468182447181602 -0.055647017248146
line -0.468182447181602 -0.055647017248146 -0.467168551453943 -0.0662617914646239
line -0.467168551453943 -0.0662617914646239 -0.465979124471868 -0.0768516714101834
line -0.465979124471868 -0.0768516714101834 -0.464615090285993 -0.087412757198068
line -0.464615090285993 -0.087412757198068 -0.46307750324388 -0.0979411940815255
line -0.46307750324388 -0.0979411940815255 -0.461367545124108 -0.108433178121244
line -0.461367545124108 -0.108433178121244 -0.459486521955258 -0.118884961638553
line -0.459486521955258 -0.118884961638553 -0.45743586053879 -0.129292858434355
line -0.45743586053879 -0.129292858434355 -0.455217104696208 -0.139653248755633
line -0.455217104696208 -0.139653248755633 -0.45283191126214 -0.149962583993346
line -0.45283191126214 -0.149962583993346 -0.450282045846004 -0.160217391097579
line -0.450282045846004 -0.160217391097579 -0.447569378385702 -0.170414276697943
line -0.447569378385702 -0.170414276697943 -0.444695878517374 -0.180549930919341
line -0.444695878517374 -0.180549930919341 -0.441663610785617 -0.190621130885396
line -0.441663610785617 -0.190621130885396 -0.438474729718708 -0.200624743903936
line -0.438474729718708 -0.200624743903936 -0.435131474793316 -0.210557730331064
line -0.435131474793316 -0.210557730331064 -0.43163616531295 -0.220417146112354
line -0.43163616531295 -0.220417146112354 -0.427991195223935 -0.230200145001683
line -0.427991195223935 -0.230200145001683 -0.424199027892126 -0.239903980460075
line -0.424199027892126 -0.239903980460075 -0.420262190862789 -0.249526007238702
line -0.420262190862789 -0.249526007238702 -0.416183270625209 -0.259063682651799
line -0.416183270625209 -0.259063682651799 -0.411964907402528 -0.268514567546788
line -0.411964907402528 -0.268514567546788 -0.407609789986253 -0.277876326980262
line -0.407609789986253 -0.277876326980262 -0.403120650633594 -0.287146730609708
line -0.403120650633594 -0.287146730609708 -0.398500260044597 -0.296323652811939
line -0.398500260044597 -0.296323652811939 -0.393751422434629 -0.305405072540128
line -0.393751422434629 -0.305405072540128 -0.38887697071649 -0.314389072932147
line -0.38887697071649 -0.314389072932147 -0.383879761804971 -0.323273840683531
line -0.383879761804971 -0.323273840683531 -0.378762672055354 -0.332057665198934
line -0.378762672055354 -0.332057665198934 -0.373528592845928 -0.340738937536277
line -0.373528592845928 -0.340738937536277 -0.36818042631326 -0.349316149158063
line -0.36818042631326 -0.349316149158063 -0.362721081247633 -0.357787890504447
line -0.362721081247633 -0.357787890504447 -0.357153469154768 -0.366152849402671
line -0.357153469154768 -0.366152849402671 -0.351480500488731 -0.374409809327383
line -0.351480500488731 -0.374409809327383 -0.345705081059728 -0.382557647526175
line -0.345705081059728 -0.382557647526175 -0.339830108619403 -0.390595333024417
line -0.339830108619403 -0.390595333024417 -0.333858469625169 -0.398521924523121
line -0.333858469625169 -0.398521924523121 -0.327793036184163 -0.406336568203168
line -0.327793036184163 -0.406336568203168 -0.321636663176491 -0.414038495448748
line -0.321636663176491 -0.414038495448748 -0.315392185556597 -0.421627020502405
line -0.315392185556597 -0.421627020502405 -0.309062415830831 -0.429101538063462
line -0.309062415830831 -0.429101538063462 -0.302650141708636 -0.436461520841093
line -0.302650141708636 -0.436461520841093 -0.296158123924108 -0.443706517072656
line -0.296158123924108 -0.443706517072656 -0.289589094224207 -0.450836148017319
line -0.289589094224207 -0.450836148017319 -0.282945753519372 -0.457850105434361
line -0.282945753519372 -0.457850105434361 -0.276230770191917 -0.464748149054906
line -0.276230770191917 -0.464748149054906 -0.269446778557234 -0.471530104055243
line -0.269446778557234 -0.471530104055243 -0.262596377472533 -0.478195858539223
line -0.262596377472533 -0.478195858539223 -0.255682129087645 -0.484745361036635
line -0.255682129087645 -0.484745361036635 -0.248706557732208 -0.491178618023872
fillcirc -0.248706557732208 -0.491178618023872 0.05
-4.092584e-01 -6.700124e-01 "Aug 1"
line -0.248706557732208 -0.491178618023872 -0.241672148933434 -0.497495691472602
line -0.241672148933434 -0.497495691472602 -0.2345813485586 -0.503696696431598
line -0.2345813485586 -0.503696696431598 -0.227436562076298 -0.509781798646356
line -0.227436562076298 -0.509781798646356 -0.22024015393054 -0.515751212220595
line -0.22024015393054 -0.515751212220595 -0.212994447021785 -0.52160519732326
line -0.212994447021785 -0.52160519732326 -0.205701722289025 -0.527344057944166
line -0.205701722289025 -0.527344057944166 -0.198364218387172 -0.532968139700993
line -0.198364218387172 -0.532968139700993 -0.190984131454038 -0.538477827699922
line -0.190984131454038 -0.538477827699922 -0.183563614961366 -0.543873544451817
line -0.183563614961366 -0.543873544451817 -0.176104779644492 -0.549155747845503
line -0.176104779644492 -0.549155747845503 -0.168609693505366 -0.554324929179334
line -0.168609693505366 -0.554324929179334 -0.161080381883833 -0.559381611251969
line -0.161080381883833 -0.559381611251969 -0.153518827592236 -0.56432634651296
line -0.153518827592236 -0.56432634651296 -0.145926971108611 -0.5691597152735
line -0.145926971108611 -0.5691597152735 -0.138306710823889 -0.573882323977457
line -0.138306710823889 -0.573882323977457 -0.130659903338753 -0.578494803532584
line -0.130659903338753 -0.578494803532584 -0.122988363805959 -0.582997807701612
line -0.122988363805959 -0.582997807701612 -0.115293866314136 -0.587392011552743
line -0.115293866314136 -0.587392011552743 -0.107578144309276 -0.591678109968929
line -0.107578144309276 -0.591678109968929 -0.099842891050313 -0.595856816215151
line -0.099842891050313 -0.595856816215151 -0.0920897600953629 -0.599928860562809
line -0.0920897600953629 -0.599928860562809 -0.0843203658154197 -0.60389498897024
line -0.0843203658154197 -0.60389498897024 -0.0765362839324426 -0.607755961818242
line -0.0765362839324426 -0.607755961818242 -0.0687390520789744 -0.61151255269946
line -0.0687390520789744 -0.61151255269946 -0.0609301703765938 -0.615165547260375
line -0.0609301703765938 -0.615165547260375 -0.0531111020306697 -0.618715742094617
line -0.0531111020306697 -0.618715742094617 -0.0452832739390529 -0.622163943686253
line -0.0452832739390529 -0.622163943686253 -0.0374480773124889 -0.625510967401677
line -0.0374480773124889 -0.625510967401677 -0.0296068683046906 -0.628757636528701
line -0.0296068683046906 -0.628757636528701 -0.0217609686501502 -0.631904781361438
line -0.0217609686501502 -0.631904781361438 -0.0139116663079064 -0.634953238329517
line -0.0139116663079064 -0.634953238329517 -0.00606021610961462 -0.637903849170235
line -0.00606021610961462 -0.637903849170235 0.00179215958960727 -0.640757460142166
line 0.00179215958960727 -0.640757460142166 0.009644270258969 -0.643514921278836
line 0.009644270258969 -0.643514921278836 0.0174949565397298 -0.646177085681022
line 0.0174949565397298 -0.646177085681022 0.0253430895940438 -0.648744808846277
line 0.0253430895940438 -0.648744808846277 0.0331875704560202 -0.651218948034299
line 0.0331875704560202 -0.651218948034299 0.0410273293859923 -0.653600361666777
line 0.0410273293859923 -0.653600361666777 0.0488613252289036 -0.655889908760376
line 0.0488613252289036 -0.655889908760376 0.0566885447776317 -0.658088448391545
line 0.0566885447776317 -0.658088448391545 0.0645080021419928 -0.660196839191864
line 0.0645080021419928 -0.660196839191864 0.0723187381240977 -0.662215938872674
line 0.0723187381240977 -0.662215938872674 0.0801198196006562 -0.664146603777778
line 0.0801198196006562 -0.664146603777778 0.0879103389127665 -0.665989688462995
line 0.0879103389127665 -0.665989688462995 0.0956894132636624 -0.667746045301443
line 0.0956894132636624 -0.667746045301443 0.103456184124837 -0.669416524113398
line 0.103456184124837 -0.669416524113398 0.111209816650905 -0.671001971819655
line 0.111209816650905 -0.671001971819655 0.118949499103526 -0.672503232117333
line 0.118949499103526 -0.672503232117333 0.126674442284649 -0.673921145177094
line 0.126674442284649 -0.673921145177094 0.134383878979319 -0.675256547360807
line 0.134383878979319 -0.675256547360807 0.142077063408227 -0.676510270958679
line 0.142077063408227 -0.676510270958679 0.149753270690159 -0.677683143944959
fillcirc 0.149753270690159 -0.677683143944959 0.05
1.229932e-01 -8.733583e-01 "Sep 1"
line 0.149753270690159 -0.677683143944959 0.157411796314468 -0.678775989751312
line 0.157411796314468 -0.678775989751312 0.165051955623658 -0.679789627057021
line 0.165051955623658 -0.679789627057021 0.172673083306138 -0.680724869595185
line 0.172673083306138 -0.680724869595185 0.180274532899196 -0.681582525974137
line 0.180274532899196 -0.681582525974137 0.187855676302185 -0.682363399513318
line 0.187855676302185 -0.682363399513318 0.195415903299943 -0.683068288092873
line 0.195415903299943 -0.683068288092873 0.202954621096387 -0.683697984016283
line 0.202954621096387 -0.683697984016283 0.210471253858264 -0.684253273885359
line 0.210471253858264 -0.684253273885359 0.217965242268983 -0.684734938486951
line 0.217965242268983 -0.684734938486951 0.225436043092456 -0.685143752690763
line 0.225436043092456 -0.685143752690763 0.232883128746866 -0.68548048535769
line 0.232883128746866 -0.68548048535769 0.240305986888249 -0.685745899258106
line 0.240305986888249 -0.685745899258106 0.247704120003803 -0.68594075099957
line 0.247704120003803 -0.68594075099957 0.255077045014774 -0.686065790963435
line 0.255077045014774 -0.686065790963435 0.262424292888825 -0.686121763249869
line 0.262424292888825 -0.686121763249869 0.269745408261727 -0.686109405630822
line 0.269745408261727 -0.686109405630822 0.27703994906825 -0.686029449510485
line 0.27703994906825 -0.686029449510485 0.2843074861821 -0.685882619892823
line 0.2843074861821 -0.685882619892823 0.291547603064747 -0.685669635355761
line 0.291547603064747 -0.685669635355761 0.298759895423009 -0.68539120803166
line 0.298759895423009 -0.68539120803166 0.305943970875215 -0.685048043593681
line 0.305943970875215 -0.685048043593681 0.313099448625797 -0.684640841247713
line 0.313099448625797 -0.684640841247713 0.32022595914815 -0.684170293729512
line 0.32022595914815 -0.684170293729512 0.327323143875595 -0.683637087306745
line 0.327323143875595 -0.683637087306745 0.334390654900288 -0.683041901785622
line 0.334390654900288 -0.683041901785622 0.341428154679895 -0.682385410521842
line 0.341428154679895 -0.682385410521842 0.34843531575189 -0.681668280435561
line 0.34843531575189 -0.681668280435561 0.355411820455292 -0.680891172030149
line 0.355411820455292 -0.680891172030149 0.362357360659699 -0.680054739414448
line 0.362357360659699 -0.680054739414448 0.369271637501431 -0.679159630328343
line 0.369271637501431 -0.679159630328343 0.376154361126641 -0.678206486171378
line 0.376154361126641 -0.678206486171378 0.383005250441227 -0.677195942034243
line 0.383005250441227 -0.677195942034243 0.389824032867387 -0.6761286267329
line 0.389824032867387 -0.6761286267329 0.39661044410665 -0.675005162845183
line 0.39661044410665 -0.675005162845183 0.40336422790925 -0.673826166749671
line 0.40336422790925 -0.673826166749671 0.410085135849667 -0.672592248666678
line 0.410085135849667 -0.672592248666678 0.416772927108201 -0.671304012701191
line 0.416772927108201 -0.671304012701191 0.423427368258415 -0.6699620568876
line 0.423427368258415 -0.6699620568876 0.430048233060319 -0.668566973236079
line 0.430048233060319 -0.668566973236079 0.436635302259134 -0.667119347780484
line 0.436635302259134 -0.667119347780484 0.443188363389504 -0.665619760627632
line 0.443188363389504 -0.665619760627632 0.449707210585015 -0.664068786007831
line 0.449707210585015 -0.664068786007831 0.456191644392888 -0.66246699232657
line 0.456191644392888 -0.66246699232657 0.462641471593699 -0.66081494221723
line 0.462641471593699 -0.66081494221723 0.469056505026022 -0.659113192594732
line 0.469056505026022 -0.659113192594732 0.475436563415833 -0.657362294710014
line 0.475436563415833 -0.657362294710014 0.481781471210576 -0.655562794205252
line 0.481781471210576 -0.655562794205252 0.488091058417759 -0.653715231169737
line 0.488091058417759 -0.653715231169737 0.494365160447953 -0.651820140196315
line 0.494365160447953 -0.651820140196315 0.500603617962089 -0.649878050438332
line 0.500603617962089 -0.649878050438332 0.506806276722928 -0.647889485666998
line 0.506806276722928 -0.647889485666998 0.512972987450601 -0.645854964329101
line 0.512972987450601 -0.645854964329101 0.519103605682096 -0.643774999605018
fillcirc 0.519103605682096 -0.643774999605018 0.05
5.748102e-01 -7.996722e-01 "Oct 1"
line 0.519103605682096 -0.643774999605018 0.5251979916346 -0.641650099466951
line 0.5251979916346 -0.641650099466951 0.531256010072586 -0.639480766737337
line 0.531256010072586 -0.639480766737337 0.537277530178532 -0.637267499147381
line 0.537277530178532 -0.637267499147381 0.543262425427195 -0.635010789395653
line 0.543262425427195 -0.635010789395653 0.549210573463323 -0.632711125206718
line 0.549210573463323 -0.632711125206718 0.555121855982721 -0.630368989389736
line 0.555121855982721 -0.630368989389736 0.560996158616572 -0.627984859897007
line 0.560996158616572 -0.627984859897007 0.566833370818939 -0.625559209882419
line 0.566833370818939 -0.625559209882419 0.572633385757333 -0.623092507759754
line 0.572633385757333 -0.623092507759754 0.578396100206291 -0.620585217260835
line 0.578396100206291 -0.620585217260835 0.584121414443861 -0.618037797493472
line 0.584121414443861 -0.618037797493472 0.589809232150927 -0.615450702999173
line 0.589809232150927 -0.615450702999173 0.595459460313278 -0.612824383810615
line 0.595459460313278 -0.612824383810615 0.601072009126368 -0.610159285508825
line 0.601072009126368 -0.610159285508825 0.606646791902674 -0.607455849280068
line 0.606646791902674 -0.607455849280068 0.61218372498158 -0.604714511972406
line 0.61218372498158 -0.604714511972406 0.617682727641735 -0.601935706151918
line 0.617682727641735 -0.601935706151918 0.623143722015792 -0.599119860158561
line 0.623143722015792 -0.599119860158561 0.62856663300748 -0.596267398161654
line 0.62856663300748 -0.596267398161654 0.633951388210931 -0.59337874021497
line 0.633951388210931 -0.59337874021497 0.639297917832214 -0.590454302311424
line 0.639297917832214 -0.590454302311424 0.644606154612996 -0.587494496437342
line 0.644606154612996 -0.587494496437342 0.649876033756287 -0.584499730626302
line 0.649876033756287 -0.584499730626302 0.6551074928542 -0.581470409012538
line 0.6551074928542 -0.581470409012538 0.660300471817679 -0.578406931883889
line 0.660300471817679 -0.578406931883889 0.665454912808127 -0.575309695734302
line 0.665454912808127 -0.575309695734302 0.670570760170898 -0.57217909331586
line 0.670570760170898 -0.57217909331586 0.675647960370588 -0.569015513690347
line 0.675647960370588 -0.569015513690347 0.680686461928074 -0.565819342280336
line 0.680686461928074 -0.565819342280336 0.685686215359268 -0.562590960919796
line 0.685686215359268 -0.562590960919796 0.69064717311552 -0.559330747904209
line 0.69064717311552 -0.559330747904209 0.695569289525632 -0.556039078040212
line 0.695569289525632 -0.556039078040212 0.700452520739437 -0.552716322694733
line 0.700452520739437 -0.552716322694733 0.705296824672908 -0.549362849843644
line 0.705296824672908 -0.549362849843644 0.710102160954734 -0.545979024119918
line 0.710102160954734 -0.545979024119918 0.714868490874346 -0.542565206861288
line 0.714868490874346 -0.542565206861288 0.719595777331335 -0.539121756157407
line 0.719595777331335 -0.539121756157407 0.724283984786236 -0.535649026896523
line 0.724283984786236 -0.535649026896523 0.728933079212623 -0.532147370811647
line 0.728933079212623 -0.532147370811647 0.733543028050507 -0.528617136526229
line 0.733543028050507 -0.528617136526229 0.738113800160967 -0.525058669599344
line 0.738113800160967 -0.525058669599344 0.742645365782007 -0.521472312570379
line 0.742645365782007 -0.521472312570379 0.747137696485593 -0.517858405003239
line 0.747137696485593 -0.517858405003239 0.751590765135836 -0.514217283530054
line 0.751590765135836 -0.514217283530054 0.7560045458483 -0.510549281894406
line 0.7560045458483 -0.510549281894406 0.760379013950386 -0.506854730994074
line 0.760379013950386 -0.506854730994074 0.764714145942786 -0.503133958923297
line 0.764714145942786 -0.503133958923297 0.769009919461956 -0.499387291014558
line 0.769009919461956 -0.499387291014558 0.77326631324359 -0.495615049879896
line 0.77326631324359 -0.495615049879896 0.777483307087074 -0.491817555451752
line 0.777483307087074 -0.491817555451752 0.781660881820876 -0.487995125023343
line 0.781660881820876 -0.487995125023343 0.785799019268862 -0.484148073288578
fillcirc 0.785799019268862 -0.484148073288578 0.05
8.862107e-01 -5.891424e-01 "Nov 1"
line 0.785799019268862 -0.484148073288578 0.789897702217508 -0.480276712381511
line 0.789897702217508 -0.480276712381511 0.793956914383977 -0.476381351915349
line 0.793956914383977 -0.476381351915349 0.797976640385053 -0.472462299021003
line 0.797976640385053 -0.472462299021003 0.801956865706888 -0.468519858385196
line 0.801956865706888 -0.468519858385196 0.805897576675557 -0.464554332288135
line 0.805897576675557 -0.464554332288135 0.809798760428394 -0.46056602064074
line 0.809798760428394 -0.46056602064074 0.813660404886087 -0.456555221021451
line 0.813660404886087 -0.456555221021451 0.817482498725506 -0.452522228712604
line 0.817482498725506 -0.452522228712604 0.821265031353255 -0.448467336736388
line 0.821265031353255 -0.448467336736388 0.825007992879926 -0.444390835890385
line 0.825007992879926 -0.444390835890385 0.828711374095027 -0.440293014782702
line 0.828711374095027 -0.440293014782702 0.832375166442575 -0.436174159866695
line 0.832375166442575 -0.436174159866695 0.835999361997341 -0.432034555475297
line 0.835999361997341 -0.432034555475297 0.839583953441708 -0.427874483854943
line 0.839583953441708 -0.427874483854943 0.843128934043155 -0.423694225199118
line 0.843128934043155 -0.423694225199118 0.846634297632327 -0.419494057681506
line 0.846634297632327 -0.419494057681506 0.85010003858169 -0.415274257488771
line 0.85010003858169 -0.415274257488771 0.85352615178474 -0.411035098852958
line 0.85352615178474 -0.411035098852958 0.856912632635774 -0.406776854083529
line 0.856912632635774 -0.406776854083529 0.860259477010186 -0.402499793599035
line 0.860259477010186 -0.402499793599035 0.863566681245287 -0.398204185958429
line 0.863566681245287 -0.398204185958429 0.866834242121633 -0.393890297892028
line 0.866834242121633 -0.393890297892028 0.870062156844844 -0.389558394332123
line 0.870062156844844 -0.389558394332123 0.873250423027907 -0.385208738443257
line 0.873250423027907 -0.385208738443257 0.876399038673945 -0.380841591652157
line 0.876399038673945 -0.380841591652157 0.879508002159442 -0.37645721367734
line 0.879508002159442 -0.37645721367734 0.882577312217917 -0.372055862558389
line 0.882577312217917 -0.372055862558389 0.885606967924026 -0.367637794684913
line 0.885606967924026 -0.367637794684913 0.888596968678088 -0.363203264825187
line 0.888596968678088 -0.363203264825187 0.891547314191022 -0.358752526154485
line 0.891547314191022 -0.358752526154485 0.894458004469689 -0.354285830283105
line 0.894458004469689 -0.354285830283105 0.897329039802616 -0.349803427284097
line 0.897329039802616 -0.349803427284097 0.900160420746108 -0.345305565720694
line 0.900160420746108 -0.345305565720694 0.902952148110731 -0.340792492673455
line 0.902952148110731 -0.340792492673455 0.905704222948152 -0.336264453767119
line 0.905704222948152 -0.336264453767119 0.908416646538334 -0.331721693197187
line 0.908416646538334 -0.331721693197187 0.911089420377081 -0.327164453756222
line 0.911089420377081 -0.327164453756222 0.913722546163908 -0.322592976859882
line 0.913722546163908 -0.322592976859882 0.916316025790246 -0.318007502572692
line 0.916316025790246 -0.318007502572692 0.918869861327966 -0.313408269633549
line 0.918869861327966 -0.313408269633549 0.921384055018208 -0.308795515480976
line 0.921384055018208 -0.308795515480976 0.923858609260523 -0.304169476278131
line 0.923858609260523 -0.304169476278131 0.926293526602303 -0.299530386937558
line 0.926293526602303 -0.299530386937558 0.928688809728506 -0.29487848114571
line 0.928688809728506 -0.29487848114571 0.931044461451663 -0.290213991387228
line 0.931044461451663 -0.290213991387228 0.933360484702158 -0.285537148968996
line 0.933360484702158 -0.285537148968996 0.935636882518779 -0.28084818404396
line 0.935636882518779 -0.28084818404396 0.937873658039529 -0.276147325634736
line 0.937873658039529 -0.276147325634736 0.9400708144927 -0.271434801656992
line 0.9400708144927 -0.271434801656992 0.942228355188195 -0.266710838942619
line 0.942228355188195 -0.266710838942619 0.944346283509088 -0.2619756632627
line 0.944346283509088 -0.2619756632627 0.946424602903434 -0.257229499350269
line 0.946424602903434 -0.257229499350269 0.948463316876307 -0.252472570922868
fillcirc 0.948463316876307 -0.252472570922868 0.05
1.071804e+00 -3.039382e-01 "Dec 1"
line 0.948463316876307 -0.252472570922868 0.950462428982071 -0.24770510070492
