#x -1.5 1.5 y -1.5 1.5
#cs 0.8
line 1 0 0.999980261116767 0.00628311798852182
line 0.999980261116767 0.00628311798852182 0.999921045246325 0.0125659879335791
line 0.999921045246325 0.0125659879335791 0.999822354726419 0.0188483618015
line 0.999822354726419 0.0188483618015 0.999684193453189 0.0251299915781975
line 0.999684193453189 0.0251299915781975 0.999506566881013 0.0314106292789608
line 0.999506566881013 0.0314106292789608 0.999289482022296 0.0376900269582462
line 0.999289482022296 0.0376900269582462 0.99903294744719 0.0439679367194651
line 0.99903294744719 0.0439679367194651 0.998736973283256 0.0502441107247712
line 0.998736973283256 0.0502441107247712 0.998401571215066 0.0565183012048451
line 0.998401571215066 0.0565183012048451 0.99802675448374 0.0627902604686761
line 0.99802675448374 0.0627902604686761 0.997612537886424 0.0690597409133407
line 0.997612537886424 0.0690597409133407 0.997158937775704 0.075326495033778
line 0.997158937775704 0.075326495033778 0.996665972058964 0.081590275432561
line 0.996665972058964 0.081590275432561 0.996133660197675 0.087850834829664
line 0.996133660197675 0.087850834829664 0.99556202320663 0.0941079260722247
line 0.99556202320663 0.0941079260722247 0.994951083653111 0.100361302144302
line 0.994951083653111 0.100361302144302 0.994300865656001 0.106610716176627
line 0.994300865656001 0.106610716176627 0.993611394884831 0.112855921456352
line 0.993611394884831 0.112855921456352 0.992882698558765 0.119096671436788
line 0.992882698558765 0.119096671436788 0.992114805445525 0.125332719747137
line 0.992114805445525 0.125332719747137 0.99130774586026 0.131563820202224
line 0.99130774586026 0.131563820202224 0.990461551664342 0.137789726812211
line 0.990461551664342 0.137789726812211 0.989576256264114 0.14401019379231
line 0.989576256264114 0.14401019379231 0.988651894609569 0.150224975572487
line 0.988651894609569 0.150224975572487 0.987688503192968 0.156433826807159
line 0.987688503192968 0.156433826807159 0.986686120047402 0.162636502384875
line 0.986686120047402 0.162636502384875 0.985644784745289 0.168832757437997
line 0.985644784745289 0.168832757437997 0.984564538396815 0.175022347352366
line 0.984564538396815 0.175022347352366 0.983445423648303 0.18120502777696
line 0.983445423648303 0.18120502777696 0.982287484680538 0.187380554633539
line 0.982287484680538 0.187380554633539 0.981090767207017 0.193548684126282
line 0.981090767207017 0.193548684126282 0.979855318472148 0.199709172751413
line 0.979855318472148 0.199709172751413 0.97858118724938 0.205861777306814
line 0.97858118724938 0.205861777306814 0.977268423839282 0.212006254901624
line 0.977268423839282 0.212006254901624 0.975917080067556 0.21814236296583
line 0.975917080067556 0.21814236296583 0.974527209282987 0.224269859259847
line 0.974527209282987 0.224269859259847 0.973098866355341 0.230388501884074
line 0.973098866355341 0.230388501884074 0.971632107673199 0.236498049288451
line 0.971632107673199 0.236498049288451 0.970126991141727 0.24259826028199
line 0.970126991141727 0.24259826028199 0.968583576180391 0.248688894042301
line 0.968583576180391 0.248688894042301 0.967001923720615 0.254769710125097
line 0.967001923720615 0.254769710125097 0.96538209620337 0.26084046847369
line 0.96538209620337 0.26084046847369 0.96372415757671 0.266900929428461
line 0.96372415757671 0.266900929428461 0.96202817329325 0.27295085373633
line 0.96202817329325 0.27295085373633 0.960294210307579 0.278990002560198
line 0.960294210307579 0.278990002560198 0.958522337073617 0.285018137488373
line 0.958522337073617 0.285018137488373 0.956712623541913 0.291035020543988
line 0.956712623541913 0.291035020543988 0.954865141156884 0.297040414194393
line 0.954865141156884 0.297040414194393 0.952979962853992 0.303034081360533
line 0.952979962853992 0.303034081360533 0.951057163056866 0.309015785426305
line 0.951057163056866 0.309015785426305 0.949096817674364 0.314985290247907
line 0.949096817674364 0.314985290247907 0.947099004097573 0.320942360163152
line 0.947099004097573 0.320942360163152 0.945063801196758 0.326886760000777
line 0.945063801196758 0.326886760000777 0.942991289318245 0.332818255089727
line 0.942991289318245 0.332818255089727 0.940881550281249 0.338736611268417
line 0.940881550281249 0.338736611268417 0.938734667374646 0.344641594893979
line 0.938734667374646 0.344641594893979 0.93655072535368 0.350532972851485
line 0.93655072535368 0.350532972851485 0.934329810436622 0.35641051256315
line 0.934329810436622 0.35641051256315 0.932072010301364 0.362273981997514
line 0.932072010301364 0.362273981997514 0.929777414081954 0.368123149678604
line 0.929777414081954 0.368123149678604 0.927446112365082 0.373957784695069
line 0.927446112365082 0.373957784695069 0.925078197186501 0.379777656709301
line 0.925078197186501 0.379777656709301 0.922673762027392 0.385582535966523
line 0.922673762027392 0.385582535966523 0.920232901810678 0.391372193303863
line 0.920232901810678 0.391372193303863 0.917755712897269 0.397146400159402
line 0.917755712897269 0.397146400159402 0.915242293082265 0.402904928581193
line 0.915242293082265 0.402904928581193 0.912692741591089 0.408647551236265
line 0.912692741591089 0.408647551236265 0.910107159075574 0.414374041419596
line 0.910107159075574 0.414374041419596 0.907485647609985 0.420084173063061
line 0.907485647609985 0.420084173063061 0.904828310686993 0.425777720744361
line 0.904828310686993 0.425777720744361 0.902135253213585 0.43145445969592
line 0.902135253213585 0.43145445969592 0.899406581506926 0.437114165813756
line 0.899406581506926 0.437114165813756 0.896642403290159 0.442756615666335
line 0.896642403290159 0.442756615666335 0.89384282768815 0.448381586503386
line 0.89384282768815 0.448381586503386 0.891007965223186 0.453988856264698
line 0.891007965223186 0.453988856264698 0.888137927810605 0.459578203588884
line 0.888137927810605 0.459578203588884 0.88523282875438 0.465149407822123
line 0.88523282875438 0.465149407822123 0.882292782742648 0.470702249026869
line 0.882292782742648 0.470702249026869 0.879317905843176 0.476236507990535
line 0.879317905843176 0.476236507990535 0.876308315498784 0.481751966234148
line 0.876308315498784 0.481751966234148 0.873264130522705 0.48724840602097
line 0.873264130522705 0.48724840602097 0.870185471093898 0.4927256103651
line 0.870185471093898 0.4927256103651 0.867072458752297 0.498183363040036
line 0.867072458752297 0.498183363040036 0.863925216394019 0.503621448587212
line 0.863925216394019 0.503621448587212 0.860743868266505 0.509039652324508
line 0.860743868266505 0.509039652324508 0.857528539963623 0.514437760354717
line 0.857528539963623 0.514437760354717 0.854279358420702 0.519815559573998
line 0.854279358420702 0.519815559573998 0.850996451909523 0.525172837680285
line 0.850996451909523 0.525172837680285 0.847679950033256 0.530509383181666
line 0.847679950033256 0.530509383181666 0.844329983721342 0.535824985404738
line 0.844329983721342 0.535824985404738 0.840946685224324 0.54111943450292
line 0.840946685224324 0.54111943450292 0.837530188108624 0.546392521464739
line 0.837530188108624 0.546392521464739 0.834080627251273 0.551644038122079
line 0.834080627251273 0.551644038122079 0.830598138834582 0.556873777158405
line 0.830598138834582 0.556873777158405 0.827082860340768 0.562081532116939
line 0.827082860340768 0.562081532116939 0.823534930546526 0.567267097408818
line 0.823534930546526 0.567267097408818 0.819954489517549 0.572430268321208
line 0.819954489517549 0.572430268321208 0.816341678602998 0.577570841025381
line 0.816341678602998 0.577570841025381 0.812696640429923 0.582688612584771
line 0.812696640429923 0.582688612584771 0.809019518897628 0.587783380962978
line 0.809019518897628 0.587783380962978 0.805310459171996 0.592854945031746
line 0.805310459171996 0.592854945031746 0.80156960767975 0.597903104578904
line 0.80156960767975 0.597903104578904 0.797797112102681 0.60292766031627
line 0.797797112102681 0.60292766031627 0.793993121371808 0.607928413887518
line 0.793993121371808 0.607928413887518 0.790157785661505 0.61290516787601
line 0.790157785661505 0.61290516787601 0.786291256383569 0.617857725812586
line 0.786291256383569 0.617857725812586 0.782393686181242 0.622785892183324
line 0.782393686181242 0.622785892183324 0.778465228923185 0.627689472437258
line 0.778465228923185 0.627689472437258 0.774506039697405 0.632568272994055
line 0.774506039697405 0.632568272994055 0.770516274805129 0.637422101251663
line 0.770516274805129 0.637422101251663 0.766496091754634 0.642250765593909
line 0.766496091754634 0.642250765593909 0.76244564925503 0.647054075398066
line 0.76244564925503 0.647054075398066 0.758365107209991 0.651831841042378
line 0.758365107209991 0.651831841042378 0.754254626711445 0.656583873913548
line 0.754254626711445 0.656583873913548 0.750114370033214 0.661309986414179
line 0.750114370033214 0.661309986414179 0.745944500624603 0.666009991970184
line 0.745944500624603 0.666009991970184 0.741745183103953 0.670683705038153
line 0.741745183103953 0.670683705038153 0.737516583252136 0.675330941112671
line 0.737516583252136 0.675330941112671 0.733258868006015 0.679951516733608
line 0.733258868006015 0.679951516733608 0.728972205451849 0.68454524949336
line 0.728972205451849 0.68454524949336 0.724656764818658 0.689111958044049
line 0.724656764818658 0.689111958044049 0.720312716471546 0.693651462104683
line 0.720312716471546 0.693651462104683 0.715940231904966 0.698163582468271
line 0.715940231904966 0.698163582468271 0.71153948373596 0.702648141008901
line 0.71153948373596 0.702648141008901 0.707110645697334 0.707104960688771
line 0.707110645697334 0.707104960688771 0.702653892630807 0.711533865565175
line 0.702653892630807 0.711533865565175 0.698169400480102 0.715934680797453
line 0.698169400480102 0.715934680797453 0.693657346284003 0.720307232653889
line 0.693657346284003 0.720307232653889 0.689117908169365 0.724651348518573
line 0.689117908169365 0.724651348518573 0.684551265344083 0.728966856898214
line 0.684551265344083 0.728966856898214 0.679957598090011 0.73325358742891
line 0.679957598090011 0.73325358742891 0.675337087755852 0.737511370882871
line 0.675337087755852 0.737511370882871 0.670689916749992 0.741740039175106
line 0.670689916749992 0.741740039175106 0.666016268533304 0.745939425370052
line 0.666016268533304 0.745939425370052 0.6613163276119 0.750109363688168
line 0.6613163276119 0.750109363688168 0.656590279529849 0.754249689512475
line 0.656590279529849 0.754249689512475 0.651838310861851 0.758360239395062
line 0.651838310861851 0.758360239395062 0.647060609205873 0.76244085106353
line 0.647060609205873 0.76244085106353 0.642257363175738 0.766491363427405
line 0.642257363175738 0.766491363427405 0.637428762393685 0.770511616584493
line 0.637428762393685 0.770511616584493 0.632574997482877 0.774501451827193
line 0.632574997482877 0.774501451827193 0.627696260059877 0.778460711648763
line 0.627696260059877 0.778460711648763 0.622792742727083 0.782389239749539
line 0.622792742727083 0.782389239749539 0.617864639065126 0.786286881043103
line 0.617864639065126 0.786286881043103 0.612912143625224 0.790153481662406
line 0.612912143625224 0.790153481662406 0.607935451921504 0.793988888965841
line 0.607935451921504 0.793988888965841 0.602934760423281 0.797792951543273
line 0.602934760423281 0.797792951543273 0.597910266547301 0.80156551922201
line 0.597910266547301 0.80156551922201 0.592862168649952 0.805306443072736
line 0.592862168649952 0.805306443072736 0.587790666019424 0.809015575415387
line 0.587790666019424 0.809015575415387 0.582695958867851 0.812692769824984
line 0.582695958867851 0.812692769824984 0.577578248323399 0.81633788113741
line 0.577578248323399 0.81633788113741 0.572437736422329 0.819950765455142
line 0.572437736422329 0.819950765455142 0.56727462610102 0.823531280152932
line 0.56727462610102 0.823531280152932 0.562089121187957 0.827079283883437
line 0.562089121187957 0.827079283883437 0.556881426395684 0.830594636582798
line 0.556881426395684 0.830594636582798 0.551651747312722 0.83407719947617
line 0.551651747312722 0.83407719947617 0.546400290395451 0.837526835083198
line 0.546400290395451 0.837526835083198 0.541127262959964 0.840943407223449
line 0.541127262959964 0.840943407223449 0.535832873173875 0.844326781021782
line 0.535832873173875 0.844326781021782 0.530517330048106 0.847676822913677
line 0.530517330048106 0.847676822913677 0.525180843428632 0.850993400650505
line 0.525180843428632 0.850993400650505 0.519823623988201 0.854276383304747
line 0.519823623988201 0.854276383304747 0.514445883218011 0.857525641275168
line 0.514445883218011 0.857525641275168 0.509047833419364 0.860741046291926
line 0.509047833419364 0.860741046291926 0.503629687695283 0.863922471421642
line 0.503629687695283 0.863922471421642 0.4981916599421 0.867069791072404
line 0.4981916599421 0.867069791072404 0.492733964841011 0.870182880998733
line 0.492733964841011 0.870182880998733 0.487256817849599 0.873261618306479
line 0.487256817849599 0.873261618306479 0.481760435193329 0.876305881457677
line 0.481760435193329 0.876305881457677 0.476245033857014 0.879315550275345
line 0.476245033857014 0.879315550275345 0.470710831576244 0.882290505948227
line 0.470710831576244 0.882290505948227 0.465158046828792 0.885230631035481
line 0.465158046828792 0.885230631035481 0.45958689882599 0.888135809471317
line 0.45958689882599 0.888135809471317 0.453997607504072 0.89100592656958
line 0.453997607504072 0.89100592656958 0.448390393515494 0.893840869028274
line 0.448390393515494 0.893840869028274 0.44276547822022 0.896640524934036
line 0.44276547822022 0.896640524934036 0.437123083676985 0.899404783766554
line 0.437123083676985 0.899404783766554 0.431463432634526 0.902133536402931
line 0.431463432634526 0.902133536402931 0.425786748522791 0.904826675121987
line 0.425786748522791 0.904826675121987 0.420093255444117 0.907484093608518
line 0.420093255444117 0.907484093608518 0.41438317816438 0.91010568695749
line 0.41438317816438 0.91010568695749 0.408656742104126 0.912691351678177
line 0.408656742104126 0.912691351678177 0.402914173329666 0.915240985698251
line 0.402914173329666 0.915240985698251 0.39715569854416 0.917754488367809
line 0.39715569854416 0.917754488367809 0.391381545078655 0.920231760463344
line 0.391381545078655 0.920231760463344 0.38559194088312 0.922672704191666
line 0.38559194088312 0.922672704191666 0.379787114517444 0.925077223193758
line 0.379787114517444 0.925077223193758 0.37396729514241 0.927445222548582
line 0.37396729514241 0.927445222548582 0.36813271251065 0.929776608776826
line 0.36813271251065 0.929776608776826 0.362283596957575 0.932071289844591
line 0.362283596957575 0.932071289844591 0.356420179392283 0.934329175167028
line 0.356420179392283 0.934329175167028 0.350542691288437 0.936550175611911
line 0.350542691288437 0.936550175611911 0.344651364675135 0.938734203503154
line 0.344651364675135 0.938734203503154 0.338746432127743 0.940881172624277
line 0.338746432127743 0.940881172624277 0.332828126758717 0.942990998221802
line 0.332828126758717 0.942990998221802 0.326896682208397 0.945063597008605
line 0.326896682208397 0.945063597008605 0.320952332635788 0.947098887167198
line 0.320952332635788 0.947098887167198 0.314995312709309 0.949096788352963
line 0.314995312709309 0.949096788352963 0.309025857597535 0.95105722169732
line 0.309025857597535 0.95105722169732 0.303044202959909 0.952980109810843
line 0.303044202959909 0.952980109810843 0.29705058493744 0.954865376786311
line 0.29705058493744 0.954865376786311 0.291045240143379 0.956712948201708
line 0.291045240143379 0.956712948201708 0.28502840565388 0.958522751123157
line 0.28502840565388 0.958522751123157 0.27900031899864 0.960294714107801
line 0.27900031899864 0.960294714107801 0.272961218151519 0.962028767206624
line 0.272961218151519 0.962028767206624 0.266911341521148 0.963724841967208
line 0.266911341521148 0.963724841967208 0.260850927941519 0.965382871436437
line 0.260850927941519 0.965382871436437 0.254780216662551 0.967002790163142
line 0.254780216662551 0.967002790163142 0.248699447340646 0.968584534200678
line 0.248699447340646 0.968584534200678 0.242608860029231 0.970128041109456
line 0.242608860029231 0.970128041109456 0.236508695169281 0.971633249959401
line 0.236508695169281 0.971633249959401 0.23039919357982 0.97310010133236
line 0.23039919357982 0.97310010133236 0.224280596448423 0.974528537324446
line 0.224280596448423 0.974528537324446 0.218153145321688 0.975918501548323
line 0.218153145321688 0.975918501548323 0.212017082095704 0.977269939135433
line 0.212017082095704 0.977269939135433 0.205872649006498 0.978582796738161
line 0.205872649006498 0.978582796738161 0.199720088620473 0.979857022531939
line 0.199720088620473 0.979857022531939 0.193559643824836 0.981092566217294
line 0.193559643824836 0.981092566217294 0.187391557818002 0.982289379021831
line 0.187391557818002 0.982289379021831 0.181216074099999 0.983447413702158
line 0.181216074099999 0.983447413702158 0.175033436462851 0.984566624545752
line 0.175033436462851 0.984566624545752 0.168843888980959 0.985646967372762
line 0.168843888980959 0.985646967372762 0.162647676001458 0.986688399537751
line 0.162647676001458 0.986688399537751 0.156445042134576 0.987690879931383
line 0.156445042134576 0.987690879931383 0.150236232243977 0.988654368982042
line 0.150236232243977 0.988654368982042 0.144021491437092 0.989578828657394
line 0.144021491437092 0.989578828657394 0.137801065055443 0.99046422246589
line 0.137801065055443 0.99046422246589 0.131575198664959 0.991310515458203
line 0.131575198664959 0.991310515458203 0.125344138046283 0.99211767422861
line 0.125344138046283 0.99211767422861 0.119108129185063 0.992885666916306
line 0.119108129185063 0.992885666916306 0.112867418262248 0.993614463206667
line 0.112867418262248 0.993614463206667 0.106622251644364 0.994304034332444
line 0.106622251644364 0.994304034332444 0.100372875873793 0.994954353074893
line 0.100372875873793 0.994954353074893 0.0941195376590351 0.995565393764857
line 0.0941195376590351 0.995565393764857 0.0878624838649724 0.996137132283775
line 0.0878624838649724 0.996137132283775 0.081601961503122 0.996669546064631
line 0.081601961503122 0.996669546064631 0.0753382177218849 0.997162614092848
line 0.0753382177218849 0.997162614092848 0.0690714997967891 0.997616316907118
line 0.0690714997967891 0.997616316907118 0.0628020551207278 0.998030636600165
line 0.0628020551207278 0.998030636600165 0.056530131194193 0.998405556819456
line 0.056530131194193 0.998405556819456 0.0502559756155048 0.998741062767841
line 0.0502559756155048 0.998741062767841 0.0439798360710366 0.999037141204144
line 0.0439798360710366 0.999037141204144 0.0377019603254373 0.999293780443677
line 0.0377019603254373 0.999293780443677 0.0314225962118504 0.999510970358706
line 0.0314225962118504 0.999510970358706 0.0251419916221298 0.999688702378848
line 0.0251419916221298 0.999688702378848 0.0188603944970537 0.99982696949141
line 0.0188603944970537 0.99982696949141 0.0125780528165371 0.999925766241664
line 0.0125780528165371 0.999925766241664 0.00629521458984133 0.999985088733064
line 0.00629521458984133 0.999985088733064 1.21278457843117e-05 1.00000493462739
line 1.21278457843117e-05 1.00000493462739 -0.00627095937705165 0.999985303144869
line -0.00627095937705165 0.999985303144869 -0.0125537990401114 0.999926195064154
line -0.0125537990401114 0.999926195064154 -0.018836143114659 0.999827612722342
line -0.018836143114659 0.999827612722342 -0.025117743591569 0.999689560014855
line -0.025117743591569 0.999689560014855 -0.0313983524911172 0.999512042395294
line -0.0313983524911172 0.999512042395294 -0.03767772187277 0.999295066875221
line -0.03767772187277 0.999295066875221 -0.0439556038449729 0.99903864202388
line -0.0439556038449729 0.99903864202388 -0.0502317505749358 0.998742777967862
line -0.0502317505749358 0.998742777967862 -0.0565059142984172 0.998407486390701
line -0.0565059142984172 0.998407486390701 -0.062777847329505 0.998032780532416
line -0.062777847329505 0.998032780532416 -0.0690473020703944 0.997618675188983
line -0.0690473020703944 0.997618675188983 -0.0753140310211623 0.997165186711754
line -0.0753140310211623 0.997165186711754 -0.0815777867895376 0.996672333006811
line -0.0815777867895376 0.996672333006811 -0.0878383221006681 0.996140133534255
line -0.0878383221006681 0.996140133534255 -0.0940953898068813 0.995568609307441
line -0.0940953898068813 0.995568609307441 -0.100348742897442 0.994957782892146
line -0.100348742897442 0.994957782892146 -0.106598134508301 0.994307678405678
line -0.106598134508301 0.994307678405678 -0.112843317931846 0.993618321515923
line -0.112843317931846 0.993618321515923 -0.119084046626634 0.992889739440333
line -0.119084046626634 0.992889739440333 -0.125320074227127 0.992121960944848
line -0.125320074227127 0.992121960944848 -0.131551154553421 0.991315016342762
line -0.131551154553421 0.991315016342762 -0.137777041620957 0.990468937493523
line -0.137777041620957 0.990468937493523 -0.143997489650239 0.989583757801481
line -0.143997489650239 0.989583757801481 -0.150212253076531 0.98865951221456
line -0.150212253076531 0.98865951221456 -0.156421086559556 0.987696237222885
line -0.156421086559556 0.987696237222885 -0.162623744993176 0.986693970857337
line -0.162623744993176 0.986693970857337 -0.168819983515072 0.985652752688053
line -0.168819983515072 0.985652752688053 -0.175009557516406 0.984572623822863
line -0.175009557516406 0.984572623822863 -0.181192222651485 0.983453626905665
line -0.181192222651485 0.983453626905665 -0.187367734847397 0.982295806114743
line -0.187367734847397 0.982295806114743 -0.193535850313653 0.981099207161023
line -0.193535850313653 0.981099207161023 -0.19969632555181 0.979863877286263
line -0.19969632555181 0.979863877286263 -0.205848917365081 0.978589865261195
line -0.205848917365081 0.978589865261195 -0.211993382867936 0.977277221383592
line -0.211993382867936 0.977277221383592 -0.218129479495693 0.975925997476289
line -0.218129479495693 0.975925997476289 -0.224256965014092 0.974536246885128
line -0.224256965014092 0.974536246885128 -0.230375597528853 0.97310802447686
line -0.230375597528853 0.97310802447686 -0.236485135495235 0.971641386636973
line -0.236485135495235 0.971641386636973 -0.24258533772756 0.970136391267468
line -0.24258533772756 0.970136391267468 -0.248675963408743 0.968593097784572
line -0.248675963408743 0.968593097784572 -0.254756772099794 0.96701156711639
line -0.254756772099794 0.96701156711639 -0.26082752374931 0.965391861700504
line -0.26082752374931 0.965391861700504 -0.266887978702953 0.963734045481504
line -0.266887978702953 0.963734045481504 -0.272937897712907 0.962038183908462
line -0.272937897712907 0.962038183908462 -0.278977041947327 0.960304343932351
line -0.278977041947327 0.960304343932351 -0.285005172999765 0.958532594003401
line -0.285005172999765 0.958532594003401 -0.291022052898581 0.956723004068393
line -0.291022052898581 0.956723004068393 -0.297027444116336 0.954875645567902
line -0.297027444116336 0.954875645567902 -0.303021109579174 0.952990591433472
line -0.303021109579174 0.952990591433472 -0.309002812676172 0.951067916084741
line -0.309002812676172 0.951067916084741 -0.314972317268688 0.949107695426495
line -0.314972317268688 0.949107695426495 -0.320929387699679 0.947110006845681
line -0.320929387699679 0.947110006845681 -0.326873788803006 0.945074929208344
line -0.326873788803006 0.945074929208344 -0.332805285912713 0.943002542856515
line -0.332805285912713 0.943002542856515 -0.338723644872298 0.94089292960504
line -0.338723644872298 0.94089292960504 -0.344628632043948 0.938746172738351
line -0.344628632043948 0.938746172738351 -0.350520014317768 0.936562357007172
line -0.350520014317768 0.936562357007172 -0.35639755912098 0.934341568625181
line -0.35639755912098 0.934341568625181 -0.362261034427107 0.932083895265598
line -0.362261034427107 0.932083895265598 -0.36811020876513 0.92978942605773
line -0.36811020876513 0.92978942605773 -0.373944851228624 0.927458251583447
line -0.373944851228624 0.927458251583447 -0.379764731484877 0.925090463873609
line -0.379764731484877 0.925090463873609 -0.385569619783981 0.922686156404433
line -0.385569619783981 0.922686156404433 -0.391359286967899 0.920245424093798
line -0.391359286967899 0.920245424093798 -0.397133504479515 0.917768363297501
line -0.397133504479515 0.917768363297501 -0.402892044371654 0.915255071805453
line -0.402892044371654 0.915255071805453 -0.40863467931608 0.912705648837816
line -0.40863467931608 0.912705648837816 -0.414361182612472 0.910120195041089
line -0.414361182612472 0.910120195041089 -0.42007132819737 0.907498812484129
line -0.42007132819737 0.907498812484129 -0.425764890653104 0.904841604654126
line -0.425764890653104 0.904841604654126 -0.431441645216685 0.902148676452516
line -0.431441645216685 0.902148676452516 -0.437101367788683 0.899420134190838
line -0.437101367788683 0.899420134190838 -0.442743834942074 0.89665608558654
line -0.442743834942074 0.89665608558654 -0.448368823931056 0.893856639758721
line -0.448368823931056 0.893856639758721 -0.453976112699844 0.891021907223828
line -0.453976112699844 0.891021907223828 -0.459565479891434 0.888151999891291
line -0.459565479891434 0.888151999891291 -0.465136704856345 0.885247031059103
line -0.465136704856345 0.885247031059103 -0.470689567661326 0.882307115409349
line -0.470689567661326 0.882307115409349 -0.476223849098037 0.87933236900368
line -0.476223849098037 0.87933236900368 -0.481739330691705 0.876322909278726
line -0.481739330691705 0.876322909278726 -0.487235794709747 0.873278855041464
line -0.487235794709747 0.873278855041464 -0.492713024170365 0.870200326464524
line -0.492713024170365 0.870200326464524 -0.498170802851111 0.86708744508145
line -0.498170802851111 0.86708744508145 -0.503608915297423 0.863940333781894
line -0.503608915297423 0.863940333781894 -0.509027146831129 0.860759116806772
line -0.509027146831129 0.860759116806772 -0.514425283558924 0.857543919743356
line -0.514425283558924 0.857543919743356 -0.51980311238081 0.854294869520313
line -0.51980311238081 0.854294869520313 -0.525160420998509 0.851012094402699
line -0.525160420998509 0.851012094402699 -0.530496997923846 0.847695723986892
line -0.530496997923846 0.847695723986892 -0.535812632487094 0.844345889195476
line -0.535812632487094 0.844345889195476 -0.541107114845293 0.840962722272074
line -0.541107114845293 0.840962722272074 -0.546380235990529 0.837546356776125
line -0.546380235990529 0.837546356776125 -0.551631787758193 0.834096927577612
line -0.551631787758193 0.834096927577612 -0.556861562835187 0.830614570851737
line -0.556861562835187 0.830614570851737 -0.562069354768117 0.827099424073548
line -0.562069354768117 0.827099424073548 -0.567254957971438 0.823551626012506
line -0.567254957971438 0.823551626012506 -0.572418167735571 0.819971316727013
line -0.572418167735571 0.819971316727013 -0.577558780234984 0.816358637558876
line -0.577558780234984 0.816358637558876 -0.582676592536234 0.812713731127733
line -0.582676592536234 0.812713731127733 -0.587771402605984 0.809036741325419
line -0.587771402605984 0.809036741325419 -0.592843009318975 0.805327813310286
line -0.592843009318975 0.805327813310286 -0.597891212465965 0.801587093501474
line -0.597891212465965 0.801587093501474 -0.602915812761631 0.797814729573128
line -0.602915812761631 0.797814729573128 -0.607916611852439 0.794010870448571
line -0.607916611852439 0.794010870448571 -0.612893412324471 0.790175666294421
line -0.612893412324471 0.790175666294421 -0.61784601771122 0.786309268514668
line -0.61784601771122 0.786309268514668 -0.622774232501344 0.78241182974469
line -0.622774232501344 0.78241182974469 -0.627677862146383 0.778483503845235
line -0.627677862146383 0.778483503845235 -0.63255671306844 0.774524445896338
line -0.63255671306844 0.774524445896338 -0.637410592667823 0.770534812191209
line -0.637410592667823 0.770534812191209 -0.642239309330644 0.766514760230054
line -0.642239309330644 0.766514760230054 -0.64704267243639 0.762464448713862
line -0.64704267243639 0.762464448713862 -0.651820492365438 0.758384037538137
line -0.651820492365438 0.758384037538137 -0.656572580506548 0.754273687786589
line -0.656572580506548 0.754273687786589 -0.661298749264306 0.750133561724773
line -0.661298749264306 0.750133561724773 -0.665998812066526 0.745963822793682
line -0.665998812066526 0.745963822793682 -0.67067258337162 0.741764635603295
line -0.67067258337162 0.741764635603295 -0.675319878675917 0.737536165926083
line -0.675319878675917 0.737536165926083 -0.679940514520951 0.733278580690458
line -0.679940514520951 0.733278580690458 -0.684534308500699 0.728992047974186
line -0.684534308500699 0.728992047974186 -0.689101079268782 0.724676736997755
line -0.689101079268782 0.724676736997755 -0.693640646545625 0.720332818117689
line -0.693640646545625 0.720332818117689 -0.698152831125574 0.715960462819826
line -0.698152831125574 0.715960462819826 -0.702637454883965 0.711559843712547
line -0.702637454883965 0.711559843712547 -0.707094340784162 0.707131134519963
line -0.707094340784162 0.707131134519963 -0.71152331288454 0.702674510075057
line -0.71152331288454 0.702674510075057 -0.715924196345433 0.698190146312781
line -0.715924196345433 0.698190146312781 -0.720296817436035 0.693678220263109
line -0.720296817436035 0.693678220263109 -0.724641003541257 0.689138910044053
line -0.724641003541257 0.689138910044053 -0.728956583168541 0.684572394854627
line -0.728956583168541 0.684572394854627 -0.733243385954632 0.679978854967775
line -0.733243385954632 0.679978854967775 -0.737501242672297 0.675358471723255
line -0.737501242672297 0.675358471723255 -0.741729985237012 0.670711427520477
line -0.741729985237012 0.670711427520477 -0.745929446713592 0.666037905811306
line -0.745929446713592 0.666037905811306 -0.750099461322783 0.661338091092818
line -0.750099461322783 0.661338091092818 -0.754239864447805 0.656612168900017
line -0.754239864447805 0.656612168900017 -0.75835049264085 0.65186032579851
line -0.75835049264085 0.65186032579851 -0.762431183629534 0.647082749377146
line -0.762431183629534 0.647082749377146 -0.766481776323302 0.642279628240602
line -0.766481776323302 0.642279628240602 -0.770502110819789 0.637451152001947
line -0.770502110819789 0.637451152001947 -0.774492028411129 0.632597511275152
line -0.774492028411129 0.632597511275152 -0.778451371590221 0.627718897667564
line -0.778451371590221 0.627718897667564 -0.782379984056946 0.622815503772345
line -0.782379984056946 0.622815503772345 -0.786277710724339 0.617887523160868
line -0.786277710724339 0.617887523160868 -0.790144397724708 0.612935150375074
line -0.790144397724708 0.612935150375074 -0.793979892415708 0.607958580919796
line -0.793979892415708 0.607958580919796 -0.797784043386367 0.602958011255036
line -0.797784043386367 0.602958011255036 -0.801556700463065 0.597933638788213
line -0.801556700463065 0.597933638788213 -0.805297714715456 0.592885661866369
line -0.805297714715456 0.592885661866369 -0.809006938462353 0.587814279768341
line -0.809006938462353 0.587814279768341 -0.812684225277554 0.582719692696889
line -0.812684225277554 0.582719692696889 -0.816329429995623 0.577602101770799
line -0.816329429995623 0.577602101770799 -0.81994240871762 0.572461709016939
line -0.81994240871762 0.572461709016939 -0.823523018816781 0.567298717362286
line -0.823523018816781 0.567298717362286 -0.827071118944149 0.562113330625915
line -0.827071118944149 0.562113330625915 -0.83058656903415 0.556905753510951
line -0.83058656903415 0.556905753510951 -0.834069230310127 0.551676191596492
line -0.834069230310127 0.551676191596492 -0.837518965289816 0.54642485132949
line -0.837518965289816 0.54642485132949 -0.840935637790769 0.541151940016601
line -0.840935637790769 0.541151940016601 -0.844319112935737 0.535857665816007
line -0.844319112935737 0.535857665816007 -0.847669257157986 0.53054223772919
line -0.847669257157986 0.53054223772919 -0.850985938206577 0.525205865592689
line -0.850985938206577 0.525205865592689 -0.85426902515158 0.519848760069813
line -0.85426902515158 0.519848760069813 -0.857518388389246 0.514471132642325
line -0.857518388389246 0.514471132642325 -0.86073389964712 0.509073195602094
line -0.86073389964712 0.509073195602094 -0.863915431989109 0.503655162042715
line -0.863915431989109 0.503655162042715 -0.867062859820488 0.498217245851095
line -0.867062859820488 0.498217245851095 -0.870176058892859 0.492759661699014
line -0.870176058892859 0.492759661699014 -0.873254906309056 0.487282625034645
line -0.873254906309056 0.487282625034645 -0.876299280527996 0.481786352074054
line -0.876299280527996 0.481786352074054 -0.879309061369476 0.476271059792661
line -0.879309061369476 0.476271059792661 -0.882284130018918 0.470736965916676
line -0.882284130018918 0.470736965916676 -0.885224369032058 0.465184288914506
line -0.885224369032058 0.465184288914506 -0.888129662339582 0.459613247988127
line -0.888129662339582 0.459613247988127 -0.890999895251709 0.454024063064436
line -0.890999895251709 0.454024063064436 -0.893834954462714 0.448416954786563
line -0.893834954462714 0.448416954786563 -0.896634728055407 0.442792144505165
line -0.896634728055407 0.442792144505165 -0.899399105505545 0.437149854269689
line -0.899399105505545 0.437149854269689 -0.902127977686198 0.431490306819603
line -0.902127977686198 0.431490306819603 -0.904821236872055 0.425813725575605
line -0.904821236872055 0.425813725575605 -0.907478776743677 0.420120334630804
line -0.907478776743677 0.420120334630804 -0.910100492391692 0.414410358741873
line -0.910100492391692 0.414410358741873 -0.912686280320939 0.408684023320176
line -0.912686280320939 0.408684023320176 -0.915236038454553 0.402941554422871
line -0.915236038454553 0.402941554422871 -0.917749666137991 0.397183178743985
line -0.917749666137991 0.397183178743985 -0.920227064143007 0.391409123605467
line -0.920227064143007 0.391409123605467 -0.922668134671571 0.385619616948213
line -0.922668134671571 0.385619616948213 -0.925072781359725 0.379814887323067
line -0.925072781359725 0.379814887323067 -0.927440909281392 0.373995163881802
line -0.927440909281392 0.373995163881802 -0.929772424952117 0.36816067636807
line -0.929772424952117 0.36816067636807 -0.932067236332763 0.362311655108336
line -0.932067236332763 0.362311655108336 -0.934325252833139 0.356448331002787
line -0.934325252833139 0.356448331002787 -0.936546385315581 0.35057093551621
line -0.936546385315581 0.35057093551621 -0.938730546098464 0.344679700668864
line -0.938730546098464 0.344679700668864 -0.940877648959671 0.338774859027314
line -0.940877648959671 0.338774859027314 -0.942987609139987 0.332856643695255
line -0.942987609139987 0.332856643695255 -0.945060343346455 0.326925288304308
line -0.945060343346455 0.326925288304308 -0.947095769755656 0.320981027004796
line -0.947095769755656 0.320981027004796 -0.949093808016941 0.315024094456503
line -0.949093808016941 0.315024094456503 -0.951054379255603 0.30905472581941
line -0.951054379255603 0.30905472581941 -0.952977406075993 0.303073156744414
line -0.952977406075993 0.303073156744414 -0.954862812564571 0.297079623364022
line -0.954862812564571 0.297079623364022 -0.956710524292902 0.291074362283032
line -0.956710524292902 0.291074362283032 -0.958520468320599 0.285057610569191
line -0.958520468320599 0.285057610569191 -0.960292573198197 0.27902960574384
line -0.960292573198197 0.27902960574384 -0.962026768969977 0.272990585772535
line -0.962026768969977 0.272990585772535 -0.963722987176725 0.266940789055654
line -0.963722987176725 0.266940789055654 -0.965381160858434 0.260880454418988
line -0.965381160858434 0.260880454418988 -0.96700122455695 0.25480982110431
line -0.96700122455695 0.25480982110431 -0.968583114318552 0.248729128759932
line -0.968583114318552 0.248729128759932 -0.97012676769648 0.242638617431246
line -0.97012676769648 0.242638617431246 -0.971632123753396 0.23653852755125
line -0.971632123753396 0.23653852755125 -0.973099123063794 0.23042909993105
line -0.973099123063794 0.23042909993105 -0.974527707716343 0.224310575750363
line -0.974527707716343 0.224310575750363 -0.975917821316171 0.218183196547988
line -0.975917821316171 0.218183196547988 -0.977269408987095 0.212047204212277
line -0.977269408987095 0.212047204212277 -0.978582417373787 0.205902840971586
line -0.978582417373787 0.205902840971586 -0.979856794643874 0.199750349384709
line -0.979856794643874 0.199750349384709 -0.981092490489992 0.193589972331306
line -0.981092490489992 0.193589972331306 -0.982289456131767 0.187421953002317
line -0.982289456131767 0.187421953002317 -0.983447644317742 0.181246534890358
line -0.983447644317742 0.181246534890358 -0.984567009327242 0.175063961780112
line -0.984567009327242 0.175063961780112 -0.985647506972176 0.168874477738704
line -0.985647506972176 0.168874477738704 -0.986689094598788 0.162678327106068
line -0.986689094598788 0.162678327106068 -0.987691731089333 0.1564757544853
line -0.987691731089333 0.1564757544853 -0.988655376863705 0.150267004733004
line -0.988655376863705 0.150267004733004 -0.989579993880997 0.144052322949626
line -0.989579993880997 0.144052322949626 -0.990465545641003 0.137831954469776
line -0.990465545641003 0.137831954469776 -0.99131199718566 0.131606144852547
line -0.99131199718566 0.131606144852547 -0.992119315100426 0.125375139871821
line -0.992119315100426 0.125375139871821 -0.992887467515602 0.119139185506565
line -0.992887467515602 0.119139185506565 -0.993616424107584 0.112898527931122
line -0.993616424107584 0.112898527931122 -0.994306156100067 0.106653413505495
line -0.994306156100067 0.106653413505495 -0.994956636265178 0.10040408876562
line -0.994956636265178 0.10040408876562 -0.995567838924547 0.0941508004136341
line -0.995567838924547 0.0941508004136341 -0.996139739950327 0.0878937953081372
line -0.996139739950327 0.0878937953081372 -0.996672316766144 0.0816333204544483
line -0.996672316766144 0.0816333204544483 -0.997165548347984 0.0753696229948537
line -0.997165548347984 0.0753696229948537 -0.997619415225031 0.0691029501988519
line -0.997619415225031 0.0691029501988519 -0.998033899480426 0.062833549453392
line -0.998033899480426 0.062833549453392 -0.998408984751984 0.056561668253109
line -0.998408984751984 0.056561668253109 -0.998744656232832 0.0502875541905529
line -0.998744656232832 0.0502875541905529 -0.999040900671998 0.0440114549464161
line -0.999040900671998 0.0440114549464161 -0.999297706374932 0.0377336182797554
line -0.999297706374932 0.0377336182797554 -0.999515063203968 0.0314542920182123
line -0.999515063203968 0.0314542920182123 -0.999692962578724 0.0251737240482297
line -0.999692962578724 0.0251737240482297 -0.999831397476443 0.0188921623052668
line -0.999831397476443 0.0188921623052668 -0.999930362432267 0.0126098547640118
line -0.999930362432267 0.0126098547640118 -0.999989853539453 0.0063270494285933
line -0.999989853539453 0.0063270494285933 -1.00000986844953 4.39943227901231e-05
line -1.00000986844953 4.39943227901231e-05 -0.999990406372388 -0.00623906251975924
line -0.999990406372388 -0.00623906251975924 -0.999931468076313 -0.0125218730653477
line -0.999931468076313 -0.0125218730653477 -0.999833055887954 -0.0188041892899908
line -0.999833055887954 -0.0188041892899908 -0.999695173692231 -0.0250857631892171
line -0.999695173692231 -0.0250857631892171 -0.999517826932184 -0.0313663467878586
line -0.999517826932184 -0.0313663467878586 -0.999301022608756 -0.0376456921498392
line -0.999301022608756 -0.0376456921498392 -0.999044769280516 -0.0439235513879618
line -0.999044769280516 -0.0439235513879618 -0.998749077063325 -0.0501996766736941
line -0.998749077063325 -0.0501996766736941 -0.998413957629934 -0.056473820246951
line -0.998413957629934 -0.056473820246951 -0.998039424209522 -0.0627457344258755
line -0.998039424209522 -0.0627457344258755 -0.997625491587175 -0.0690151716166155
line -0.997625491587175 -0.0690151716166155 -0.997172176103304 -0.0752818843230974
line -0.997172176103304 -0.0752818843230974 -0.996679495653 -0.0815456251567965
line -0.996679495653 -0.0815456251567965 -0.996147469685322 -0.0878061468465023
line -0.996147469685322 -0.0878061468465023 -0.995576119202538 -0.0940632022480793
line -0.995576119202538 -0.0940632022480793 -0.994965466759289 -0.100316544354224
line -0.994965466759289 -0.100316544354224 -0.994315536461703 -0.106565926304213
line -0.994315536461703 -0.106565926304213 -0.993626353966441 -0.112811101393651
line -0.993626353966441 -0.112811101393651 -0.992897946479684 -0.119051823084208
line -0.992897946479684 -0.119051823084208 -0.992130342756063 -0.12528784501335
line -0.992130342756063 -0.12528784501335 -0.991323573097517 -0.131518921004067
line -0.991323573097517 -0.131518921004067 -0.990477669352106 -0.137744805074587
line -0.990477669352106 -0.137744805074587 -0.989592664912744 -0.143965251448092
line -0.989592664912744 -0.143965251448092 -0.98866859471589 -0.150180014562413
line -0.98866859471589 -0.150180014562413 -0.987705495240162 -0.156388849079727
line -0.987705495240162 -0.156388849079727 -0.986703404504901 -0.162591509896245
line -0.986703404504901 -0.162591509896245 -0.985662362068669 -0.16878775215188
line -0.985662362068669 -0.16878775215188 -0.984582409027688 -0.174977331239919
line -0.984582409027688 -0.174977331239919 -0.983463588014218 -0.181160002816676
line -0.983463588014218 -0.181160002816676 -0.982305943194871 -0.18733552281114
line -0.982305943194871 -0.18733552281114 -0.981109520268873 -0.193503647434604
line -0.981109520268873 -0.193503647434604 -0.979874366466258 -0.199664133190297
line -0.979874366466258 -0.199664133190297 -0.978600530546 -0.205816736882989
line -0.978600530546 -0.205816736882989 -0.977288062794095 -0.211961215628592
line -0.977288062794095 -0.211961215628592 -0.975937015021571 -0.218097326863753
line -0.975937015021571 -0.218097326863753 -0.974547440562444 -0.224224828355424
line -0.974547440562444 -0.224224828355424 -0.973119394271614 -0.230343478210425
line -0.973119394271614 -0.230343478210425 -0.971652932522699 -0.236453034884994
line -0.971652932522699 -0.236453034884994 -0.970148113205809 -0.242553257194322
line -0.970148113205809 -0.242553257194322 -0.968604995725263 -0.248643904322073
line -0.968604995725263 -0.248643904322073 -0.967023640997243 -0.25472473582989
line -0.967023640997243 -0.25472473582989 -0.965404111447388 -0.260795511666887
line -0.965404111447388 -0.260795511666887 -0.963746471008331 -0.266855992179125
line -0.963746471008331 -0.266855992179125 -0.962050785117177 -0.272905938119073
line -0.962050785117177 -0.272905938119073 -0.960317120712918 -0.27894511065505
line -0.960317120712918 -0.27894511065505 -0.958545546233793 -0.284973271380654
line -0.958545546233793 -0.284973271380654 -0.956736131614582 -0.290990182324176
line -0.956736131614582 -0.290990182324176 -0.95488894828385 -0.296995605957989
line -0.95488894828385 -0.296995605957989 -0.953004069161126 -0.302989305207929
line -0.953004069161126 -0.302989305207929 -0.951081568654026 -0.30897104346265
line -0.951081568654026 -0.30897104346265 -0.949121522655311 -0.314940584582965
line -0.949121522655311 -0.314940584582965 -0.947124008539899 -0.320897692911171
line -0.947124008539899 -0.320897692911171 -0.945089105161803 -0.326842133280347
line -0.945089105161803 -0.326842133280347 -0.943016892851025 -0.33277367102364
line -0.943016892851025 -0.33277367102364 -0.940907453410381 -0.338692071983527
line -0.940907453410381 -0.338692071983527 -0.938760870112272 -0.34459710252106
line -0.938760870112272 -0.34459710252106 -0.936577227695402 -0.350488529525089
line -0.936577227695402 -0.350488529525089 -0.934356612361425 -0.356366120421461
line -0.934356612361425 -0.356366120421461 -0.93209911177155 -0.362229643182206
line -0.93209911177155 -0.362229643182206 -0.929804815043075 -0.368078866334691
line -0.929804815043075 -0.368078866334691 -0.927473812745874 -0.373913558970762
line -0.927473812745874 -0.373913558970762 -0.925106196898819 -0.379733490755856
line -0.925106196898819 -0.379733490755856 -0.922702060966147 -0.385538431938096
line -0.922702060966147 -0.385538431938096 -0.920261499853776 -0.391328153357358
line -0.920261499853776 -0.391328153357358 -0.917784609905552 -0.39710242645432
line -0.917784609905552 -0.39710242645432 -0.915271488899449 -0.402861023279481
line -0.915271488899449 -0.402861023279481 -0.91272223604371 -0.408603716502164
line -0.91272223604371 -0.408603716502164 -0.910136951972932 -0.414330279419486
line -0.910136951972932 -0.414330279419486 -0.90751573874409 -0.420040485965307
line -0.90751573874409 -0.420040485965307 -0.904858699832512 -0.425734110719159
line -0.904858699832512 -0.425734110719159 -0.902165940127792 -0.431410928915139
line -0.902165940127792 -0.431410928915139 -0.899437565929651 -0.437070716450784
line -0.899437565929651 -0.437070716450784 -0.896673684943742 -0.442713249895918
line -0.896673684943742 -0.442713249895918 -0.893874406277397 -0.448338306501473
line -0.893874406277397 -0.448338306501473 -0.891039840435319 -0.453945664208277
line -0.891039840435319 -0.453945664208277 -0.888170099315224 -0.459535101655829
line -0.888170099315224 -0.459535101655829 -0.885265296203421 -0.465106398191026
line -0.885265296203421 -0.465106398191026 -0.88232554577034 -0.470659333876885
line -0.88232554577034 -0.470659333876885 -0.879350964066007 -0.476193689501216
line -0.879350964066007 -0.476193689501216 -0.876341668515464 -0.48170924658528
line -0.876341668515464 -0.48170924658528 -0.87329777791413 -0.487205787392413
line -0.87329777791413 -0.487205787392413 -0.870219412423118 -0.492683094936622
line -0.870219412423118 -0.492683094936622 -0.867106693564486 -0.498140952991148
line -0.867106693564486 -0.498140952991148 -0.863959744216441 -0.503579146097005
line -0.863959744216441 -0.503579146097005 -0.860778688608493 -0.508997459571482
line -0.860778688608493 -0.508997459571482 -0.857563652316547 -0.514395679516622
line -0.857563652316547 -0.514395679516622 -0.854314762257947 -0.519773592827662
line -0.854314762257947 -0.519773592827662 -0.851032146686468 -0.525130987201447
line -0.851032146686468 -0.525130987201447 -0.847715935187249 -0.530467651144812
line -0.847715935187249 -0.530467651144812 -0.844366258671685 -0.535783373982929
line -0.844366258671685 -0.535783373982929 -0.840983249372252 -0.541077945867623
line -0.840983249372252 -0.541077945867623 -0.837567040837292 -0.546351157785659
line -0.837567040837292 -0.546351157785659 -0.834117767925741 -0.551602801566992
line -0.834117767925741 -0.551602801566992 -0.830635566801803 -0.556832669892982
line -0.830635566801803 -0.556832669892982 -0.827120574929578 -0.56204055630458
line -0.827120574929578 -0.56204055630458 -0.823572931067635 -0.567226255210481
line -0.823572931067635 -0.567226255210481 -0.819992775263535 -0.572389561895235
line -0.819992775263535 -0.572389561895235 -0.8163802488483 -0.577530272527332
line -0.8163802488483 -0.577530272527332 -0.81273549443084 -0.582648184167246
line -0.81273549443084 -0.582648184167246 -0.809058655892317 -0.587743094775448
line -0.809058655892317 -0.587743094775448 -0.805349878380472 -0.592814803220381
line -0.805349878380472 -0.592814803220381 -0.801609308303891 -0.597863109286401
line -0.801609308303891 -0.597863109286401 -0.797837093326225 -0.602887813681679
line -0.797837093326225 -0.602887813681679 -0.794033382360367 -0.607888718046069
line -0.794033382360367 -0.607888718046069 -0.790198325562569 -0.61286562495894
line -0.790198325562569 -0.61286562495894 -0.786332074326515 -0.617818337946967
line -0.786332074326515 -0.617818337946967 -0.782434781277348 -0.622746661491889
line -0.782434781277348 -0.622746661491889 -0.77850660026564 -0.627650401038226
line -0.77850660026564 -0.627650401038226 -0.774547686361327 -0.632529363000961
line -0.774547686361327 -0.632529363000961 -0.770558195847579 -0.637383354773181
line -0.770558195847579 -0.637383354773181 -0.766538286214637 -0.642212184733679
line -0.766538286214637 -0.642212184733679 -0.762488116153596 -0.647015662254522
line -0.762488116153596 -0.647015662254522 -0.758407845550136 -0.651793597708573
line -0.758407845550136 -0.651793597708573 -0.754297635478217 -0.656545802476979
line -0.754297635478217 -0.656545802476979 -0.750157648193717 -0.661272088956617
line -0.750157648193717 -0.661272088956617 -0.745988047128026 -0.665972270567497
line -0.745988047128026 -0.665972270567497 -0.741788996881601 -0.670646161760133
line -0.741788996881601 -0.670646161760133 -0.73756066321746 -0.675293578022863
line -0.73756066321746 -0.675293578022863 -0.733303213054647 -0.679914335889135
line -0.733303213054647 -0.679914335889135 -0.729016814461636 -0.684508252944749
line -0.729016814461636 -0.684508252944749 -0.724701636649703 -0.689075147835059
line -0.724701636649703 -0.689075147835059 -0.720357849966242 -0.693614840272131
line -0.720357849966242 -0.693614840272131 -0.715985625888041 -0.698127151041864
line -0.715985625888041 -0.698127151041864 -0.711585137014517 -0.702611902011058
line -0.711585137014517 -0.702611902011058 -0.707156557060899 -0.707068916134452
line -0.707156557060899 -0.707068916134452 -0.702700060851372 -0.711498017461713
line -0.702700060851372 -0.711498017461713 -0.698215824312177 -0.715899031144378
line -0.698215824312177 -0.715899031144378 -0.693704024464665 -0.720271783442759
line -0.693704024464665 -0.720271783442759 -0.689164839418309 -0.724616101732803
line -0.689164839418309 -0.724616101732803 -0.684598448363676 -0.728931814512905
line -0.684598448363676 -0.728931814512905 -0.680005031565351 -0.733218751410678
line -0.680005031565351 -0.733218751410678 -0.675384770354821 -0.737476743189682
line -0.675384770354821 -0.737476743189682 -0.67073784712332 -0.741705621756099
line -0.67073784712332 -0.741705621756099 -0.666064445314627 -0.745905220165376
line -0.666064445314627 -0.745905220165376 -0.661364749417825 -0.75007537262881
line -0.661364749417825 -0.75007537262881 -0.656638944960019 -0.754215914520097
line -0.656638944960019 -0.754215914520097 -0.651887218499011 -0.758326682381827
line -0.651887218499011 -0.758326682381827 -0.647109757615939 -0.762407513931941
line -0.647109757615939 -0.762407513931941 -0.642306750907869 -0.766458248070135
line -0.642306750907869 -0.766458248070135 -0.637478387980351 -0.77047872488422
line -0.637478387980351 -0.77047872488422 -0.632624859439938 -0.774468785656436
line -0.632624859439938 -0.774468785656436 -0.627746356886656 -0.778428272869717
line -0.627746356886656 -0.778428272869717 -0.622843072906445 -0.78235703021391
line -0.622843072906445 -0.78235703021391 -0.617915201063557 -0.786254902591945
line -0.617915201063557 -0.786254902591945 -0.612962935892912 -0.790121736125959
line -0.612962935892912 -0.790121736125959 -0.607986472892421 -0.79395737816337
line -0.607986472892421 -0.79395737816337 -0.60298600851527 -0.797761677282904
line -0.60298600851527 -0.797761677282904 -0.597961740162162 -0.801534483300573
line -0.597961740162162 -0.801534483300573 -0.592913866173528 -0.805275647275602
line -0.592913866173528 -0.805275647275602 -0.587842585821695 -0.808985021516311
line -0.587842585821695 -0.808985021516311 -0.582748099303022 -0.812662459585947
line -0.582748099303022 -0.812662459585947 -0.577630607729995 -0.816307816308459
line -0.577630607729995 -0.816307816308459 -0.57249031312329 -0.819920947774239
line -0.57249031312329 -0.819920947774239 -0.567327418403799 -0.823501711345792
line -0.567327418403799 -0.823501711345792 -0.562142127384617 -0.827049965663378
line -0.562142127384617 -0.827049965663378 -0.556934644763 -0.830565570650584
line -0.556934644763 -0.830565570650584 -0.551705176112281 -0.83404838751986
line -0.551705176112281 -0.83404838751986 -0.546453927873757 -0.837498278777995
line -0.546453927873757 -0.837498278777995 -0.541181107348543 -0.840915108231544
line -0.541181107348543 -0.840915108231544 -0.535886922689382 -0.84429874099221
line -0.535886922689382 -0.84429874099221 -0.530571582892434 -0.847649043482164
line -0.530571582892434 -0.847649043482164 -0.525235297789023 -0.850965883439321
line -0.525235297789023 -0.850965883439321 -0.519878278037354 -0.85424912992256
line -0.519878278037354 -0.85424912992256 -0.5145007351142 -0.857498653316895
line -0.5145007351142 -0.857498653316895 -0.509102881306551 -0.860714325338592
line -0.509102881306551 -0.860714325338592 -0.503684929703237 -0.863896019040234
line -0.503684929703237 -0.863896019040234 -0.498247094186511 -0.867043608815729
line -0.498247094186511 -0.867043608815729 -0.492789589423613 -0.870156970405274
line -0.492789589423613 -0.870156970405274 -0.487312630858291 -0.873235980900257
line -0.487312630858291 -0.873235980900257 -0.481816434702299 -0.876280518748114
line -0.481816434702299 -0.876280518748114 -0.47630121792686 -0.87929046375712
line -0.47630121792686 -0.87929046375712 -0.470767198254103 -0.882265697101143
line -0.470767198254103 -0.882265697101143 -0.465214594148466 -0.885206101324328
line -0.465214594148466 -0.885206101324328 -0.459643624808077 -0.888111560345739
line -0.459643624808077 -0.888111560345739 -0.454054510156094 -0.89098195946394
line -0.454054510156094 -0.89098195946394 -0.448447470832031 -0.893817185361523
line -0.448447470832031 -0.893817185361523 -0.442822728183043 -0.896617126109582
line -0.442822728183043 -0.896617126109582 -0.437180504255188 -0.899381671172134
line -0.437180504255188 -0.899381671172134 -0.431521021784667 -0.902110711410478
line -0.431521021784667 -0.902110711410478 -0.425844504189027 -0.904804139087511
line -0.425844504189027 -0.904804139087511 -0.420151175558342 -0.907461847871975
line -0.420151175558342 -0.907461847871975 -0.414441260646368 -0.910083732842658
line -0.414441260646368 -0.910083732842658 -0.408714984861671 -0.912669690492537
line -0.408714984861671 -0.912669690492537 -0.402972574258728 -0.915219618732863
line -0.402972574258728 -0.915219618732863 -0.397214255529004 -0.917733416897192
line -0.397214255529004 -0.917733416897192 -0.391440255992003 -0.920210985745361
line -0.391440255992003 -0.920210985745361 -0.385650803586295 -0.922652227467402
line -0.385650803586295 -0.922652227467402 -0.379846126860517 -0.925057045687408
line -0.379846126860517 -0.925057045687408 -0.374026454964353 -0.927425345467336
line -0.374026454964353 -0.927425345467336 -0.368192017639486 -0.929757033310757
line -0.368192017639486 -0.929757033310757 -0.36234304521053 -0.932052017166543
line -0.36234304521053 -0.932052017166543 -0.356479768575936 -0.934310206432508
line -0.356479768575936 -0.934310206432508 -0.350602419198882 -0.93653151195898
line -0.350602419198882 -0.93653151195898 -0.34471122909813 -0.93871584605232
line -0.34471122909813 -0.93871584605232 -0.338806430838871 -0.940863122478391
line -0.338806430838871 -0.940863122478391 -0.332888257523541 -0.942973256465956
line -0.332888257523541 -0.942973256465956 -0.326956942782624 -0.945046164710028
line -0.326956942782624 -0.945046164710028 -0.321012720765423 -0.947081765375157
line -0.321012720765423 -0.947081765375157 -0.315055826130823 -0.949079978098665
line -0.315055826130823 -0.949079978098665 -0.309086494038025 -0.951040723993815
line -0.309086494038025 -0.951040723993815 -0.303104960137259 -0.952963925652928
line -0.303104960137259 -0.952963925652928 -0.29711146056049 -0.954849507150436
line -0.29711146056049 -0.954849507150436 -0.291106231912088 -0.956697394045887
line -0.291106231912088 -0.956697394045887 -0.285089511259495 -0.958507513386876
line -0.285089511259495 -0.958507513386876 -0.279061536123861 -0.960279793711929
line -0.279061536123861 -0.960279793711929 -0.273022544470671 -0.962014165053326
line -0.273022544470671 -0.962014165053326 -0.266972774700348 -0.963710558939861
line -0.266972774700348 -0.963710558939861 -0.260912465638848 -0.965368908399548
line -0.260912465638848 -0.965368908399548 -0.254841856528224 -0.966989147962262
line -0.254841856528224 -0.966989147962262 -0.248761187017189 -0.968571213662327
line -0.248761187017189 -0.968571213662327 -0.242670697151649 -0.970115043041043
line -0.242670697151649 -0.970115043041043 -0.236570627365233 -0.971620575149146
line -0.236570627365233 -0.971620575149146 -0.230461218469798 -0.973087750549221
line -0.230461218469798 -0.973087750549221 -0.224342711645925 -0.974516511318046
line -0.224342711645925 -0.974516511318046 -0.218215348433394 -0.975906801048881
line -0.218215348433394 -0.975906801048881 -0.212079370721654 -0.977258564853691
line -0.212079370721654 -0.977258564853691 -0.205935020740272 -0.978571749365319
line -0.205935020740272 -0.978571749365319 -0.19978254104937 -0.979846302739591
line -0.19978254104937 -0.979846302739591 -0.19362217453005 -0.98108217465736
line -0.19362217453005 -0.98108217465736 -0.187454164374806 -0.982279316326498
line -0.187454164374806 -0.982279316326498 -0.181278754077924 -0.98343768048382
line -0.181278754077924 -0.98343768048382 -0.175096187425871 -0.98455722139695
line -0.175096187425871 -0.98455722139695 -0.168906708487668 -0.985637894866131
line -0.168906708487668 -0.985637894866131 -0.162710561605258 -0.986679658225964
line -0.162710561605258 -0.986679658225964 -0.15650799138386 -0.987682470347096
line -0.15650799138386 -0.987682470347096 -0.150299242682309 -0.988646291637847
line -0.150299242682309 -0.988646291637847 -0.144084560603395 -0.989571084045768
line -0.144084560603395 -0.989571084045768 -0.137864190484186 -0.990456811059149
line -0.137864190484186 -0.990456811059149 -0.13163837788634 -0.991303437708457
line -0.13163837788634 -0.991303437708457 -0.125407368586415 -0.992110930567719
line -0.125407368586415 -0.992110930567719 -0.119171408566162 -0.992879257755842
line -0.119171408566162 -0.992879257755842 -0.11293074400282 -0.993608388937871
line -0.11293074400282 -0.993608388937871 -0.106685621259393 -0.99429829532619
line -0.106685621259393 -0.99429829532619 -0.100436286874928 -0.994948949681653
line -0.100436286874928 -0.994948949681653 -0.0941829875547791 -0.995560326314669
line -0.0941829875547791 -0.995560326314669 -0.0879259701608715 -0.996132401086208
line -0.0879259701608715 -0.996132401086208 -0.0816654817019542 -0.996665151408758
line -0.0816654817019542 -0.996665151408758 -0.0754017693238493 -0.99715855624722
line -0.0754017693238493 -0.99715855624722 -0.069135080299696 -0.997612596119734
line -0.069135080299696 -0.997612596119734 -0.0628656620201886 -0.998027253098451
line -0.0628656620201886 -0.998027253098451 -0.0565937619838105 -0.998402510810244
line -0.0565937619838105 -0.998402510810244 -0.0503196277870634 -0.998738354437348
line -0.0503196277870634 -0.998738354437348 -0.0440435071146934 -0.999034770717954
line -0.0440435071146934 -0.999034770717954 -0.0377656477299131 -0.999291747946725
line -0.0377656477299131 -0.999291747946725 -0.0314862974646202 -0.999509275975267
line -0.0314862974646202 -0.999509275975267 -0.0252057042096144 -0.999687346212521
line -0.0252057042096144 -0.999687346212521 -0.0189241159048111 -0.999825951625111
line -0.0189241159048111 -0.999825951625111 -0.0126417805294535 -0.999925086737617
line -0.0126417805294535 -0.999925086737617 -0.00635894609232336 -0.999984747632795
line -0.00635894609232336 -0.999984747632795 -7.58606219498775e-05 -1.00000493195173
line -7.58606219498775e-05 -1.00000493195173 0.00620722784318142 -0.999985638893926
line 0.00620722784318142 -0.999985638893926 0.0124900712644207 -0.999926869217352
line 0.0124900712644207 -0.999926869217352 0.0187724216127454 -0.999828625238396
line 0.0187724216127454 -0.999828625238396 0.0250540308785524 -0.999690910831782
line 0.0250540308785524 -0.999690910831782 0.0313346510814479 -0.999513731430421
line 0.0313346510814479 -0.999513731430421 0.0376140342800377 -0.999297094025188
line 0.0376140342800377 -0.999297094025188 0.0438919325817149 -0.999041007164656
line 0.0438919325817149 -0.999041007164656 0.0501680981524459 -0.998745480954751
line 0.0501680981524459 -0.998745480954751 0.056442283226555 -0.998410527058361
line 0.056442283226555 -0.998410527058361 0.0627142401165046 -0.99803615869487
line 0.0627142401165046 -0.99803615869487 0.0689837212226737 -0.997622390639641
line 0.0689837212226737 -0.997622390639641 0.0752504790431327 -0.99716923922343
line 0.0752504790431327 -0.99716923922343 0.0815142661834139 -0.996676722331744
line 0.0815142661834139 -0.996676722331744 0.0877748353662778 -0.996144859404136
line 0.0877748353662778 -0.996144859404136 0.0940319394414756 -0.995573671433437
line 0.0940319394414756 -0.995573671433437 0.100285331395506 -0.994963180964926
line 0.100285331395506 -0.994963180964926 0.106534764361365 -0.994313412095444
line 0.106534764361365 -0.994313412095444 0.112779991628295 -0.993624390472443
line 0.112779991628295 -0.993624390472443 0.119020766651521 -0.992896143292969
line 0.119020766651521 -0.992896143292969 0.125256843061987 -0.992128699302598
line 0.125256843061987 -0.992128699302598 0.131487974676077 -0.991322088794292
line 0.131487974676077 -0.991322088794292 0.13771391550534 -0.99047634360721
line 0.13771391550534 -0.99047634360721 0.143934419766197 -0.989591497125451
line 0.143934419766197 -0.989591497125451 0.150149241889644 -0.988667584276733
line 0.150149241889644 -0.988667584276733 0.156358136530948 -0.987704641531021
line 0.156358136530948 -0.987704641531021 0.162560858579334 -0.986702706899079
line 0.162560858579334 -0.986702706899079 0.168757163167657 -0.985661819930979
line 0.168757163167657 -0.985661819930979 0.174946805682073 -0.984582021714536
line 0.174946805682073 -0.984582021714536 0.181129541771694 -0.983463354873684
line 0.181129541771694 -0.983463354873684 0.187305127358236 -0.9823058635668
line 0.187305127358236 -0.9823058635668 0.193473318645652 -0.981109593484955
line 0.193473318645652 -0.981109593484955 0.199633872129758 -0.979874591850116
line 0.199633872129758 -0.979874591850116 0.205786544607849 -0.978600907413279
line 0.205786544607849 -0.978600907413279 0.211931093188294 -0.977288590452547
line 0.211931093188294 -0.977288590452547 0.218067275300131 -0.975937692771143
line 0.218067275300131 -0.975937692771143 0.224194848702638 -0.974548267695369
line 0.224194848702638 -0.974548267695369 0.230313571494902 -0.973120370072498
line 0.230313571494902 -0.973120370072498 0.236423202125363 -0.971654056268613
line 0.236423202125363 -0.971654056268613 0.242523499401354 -0.970149384166379
line 0.242523499401354 -0.970149384166379 0.248614222498622 -0.96860641316276
line 0.248614222498622 -0.96860641316276 0.254695130970832 -0.967025204166673
line 0.254695130970832 -0.967025204166673 0.260765984759066 -0.965405819596588
line 0.260765984759066 -0.965405819596588 0.266826544201295 -0.96374832337806
line 0.266826544201295 -0.96374832337806 0.272876570041841 -0.962052780941208
line 0.272876570041841 -0.962052780941208 0.278915823440824 -0.960319259218132
line 0.278915823440824 -0.960319259218132 0.284944065983592 -0.958547826640273
line 0.284944065983592 -0.958547826640273 0.290961059690128 -0.956738553135708
line 0.290961059690128 -0.956738553135708 0.296966567024452 -0.954891510126395
line 0.296966567024452 -0.954891510126395 0.302960350903993 -0.953006770525349
line 0.302960350903993 -0.953006770525349 0.308942174708954 -0.951084408733768
line 0.308942174708954 -0.951084408733768 0.314911802291646 -0.949124500638093
line 0.314911802291646 -0.949124500638093 0.32086899798582 -0.947127123607016
line 0.32086899798582 -0.947127123607016 0.326813526615961 -0.945092356488424
line 0.326813526615961 -0.945092356488424 0.332745153506581 -0.943020279606288
line 0.332745153506581 -0.943020279606288 0.33866364449148 -0.94091097475749
line 0.33866364449148 -0.94091097475749 0.344568765922988 -0.938764525208598
line 0.344568765922988 -0.938764525208598 0.350460284681193 -0.936581015692577
line 0.350460284681193 -0.936581015692577 0.356337968183144 -0.934360532405444
line 0.356337968183144 -0.934360532405444 0.362201584392032 -0.932103163002869
line 0.362201584392032 -0.932103163002869 0.368050901826349 -0.929808996596709
line 0.368050901826349 -0.929808996596709 0.373885689569029 -0.927478123751497
line 0.373885689569029 -0.927478123751497 0.379705717276565 -0.925110636480863
line 0.379705717276565 -0.925110636480863 0.3855107551881 -0.922706628243905
line 0.3855107551881 -0.922706628243905 0.391300574134499 -0.920266193941497
line 0.391300574134499 -0.920266193941497 0.397074945547398 -0.917789429912543
line 0.397074945547398 -0.917789429912543 0.402833641468223 -0.915276433930178
line 0.402833641468223 -0.915276433930178 0.408576434557196 -0.912727305197904
line 0.408576434557196 -0.912727305197904 0.414303098102305 -0.910142144345678
line 0.414303098102305 -0.910142144345678 0.420013406028257 -0.907521053425936
line 0.420013406028257 -0.907521053425936 0.425707132905402 -0.904864135909568
line 0.425707132905402 -0.904864135909568 0.431384053958633 -0.902171496681832
line 0.431384053958633 -0.902171496681832 0.43704394507626 -0.899443242038215
line 0.43704394507626 -0.899443242038215 0.442686582818858 -0.896679479680233
line 0.442686582818858 -0.896679479680233 0.448311744428091 -0.893880318711186
line 0.448311744428091 -0.893880318711186 0.453919207835498 -0.891045869631847
line 0.453919207835498 -0.891045869631847 0.45950875167127 -0.8881762443361
line 0.45950875167127 -0.8881762443361 0.465080155272983 -0.885271556106527
line 0.465080155272983 -0.885271556106527 0.470633198694312 -0.882331919609931
line 0.470633198694312 -0.882331919609931 0.476167662713715 -0.879357450892813
line 0.476167662713715 -0.879357450892813 0.481683328843085 -0.87634826737679
line 0.481683328843085 -0.87634826737679 0.487179979336378 -0.873304487853959
line 0.487179979336378 -0.873304487853959 0.492657397198211 -0.870226232482212
line 0.492657397198211 -0.870226232482212 0.498115366192425 -0.867113622780487
line 0.498115366192425 -0.867113622780487 0.503553670850623 -0.863966781623974
line 0.503553670850623 -0.863966781623974 0.508972096480679 -0.860785833239264
line 0.508972096480679 -0.860785833239264 0.514370429175211 -0.857570903199447
line 0.514370429175211 -0.857570903199447 0.519748455820028 -0.854322118419152
line 0.519748455820028 -0.854322118419152 0.525105964102544 -0.851039607149539
line 0.525105964102544 -0.851039607149539 0.530442742520157 -0.847723498973236
line 0.530442742520157 -0.847723498973236 0.5357585803886 -0.844373924799221
line 0.5357585803886 -0.844373924799221 0.541053267850264 -0.840991016857662
line 0.541053267850264 -0.840991016857662 0.546326595882474 -0.837574908694686
line 0.546326595882474 -0.837574908694686 0.55157835630575 -0.834125735167117
line 0.55157835630575 -0.834125735167117 0.556808341792018 -0.830643632437148
line 0.556808341792018 -0.830643632437148 0.562016345872802 -0.827128737966966
line 0.562016345872802 -0.827128737966966 0.567202162947371 -0.823581190513325
line 0.567202162947371 -0.823581190513325 0.572365588290859 -0.820001130122073
line 0.572365588290859 -0.820001130122073 0.577506418062344 -0.816388698122617
line 0.577506418062344 -0.816388698122617 0.582624449312899 -0.81274403712235
line 0.582624449312899 -0.81274403712235 0.587719479993602 -0.809067291001015
line 0.587719479993602 -0.809067291001015 0.592791308963514 -0.805358604905033
line 0.592791308963514 -0.805358604905033 0.597839735997621 -0.801618125241765
line 0.597839735997621 -0.801618125241765 0.602864561794738 -0.79784599967374
line 0.602864561794738 -0.79784599967374 0.607865587985374 -0.794042377112821
line 0.607865587985374 -0.794042377112821 0.612842617139571 -0.790207407714327
line 0.612842617139571 -0.790207407714327 0.617795452774691 -0.786341242871108
line 0.617795452774691 -0.786341242871108 0.622723899363178 -0.782444035207565
line 0.622723899363178 -0.782444035207565 0.627627762340277 -0.77851593857363
line 0.627627762340277 -0.77851593857363 0.632506848111712 -0.774557108038685
line 0.632506848111712 -0.774557108038685 0.637360964061333 -0.77056769988545
line 0.637360964061333 -0.77056769988545 0.642189918558718 -0.766547871603804
line 0.642189918558718 -0.766547871603804 0.64699352096674 -0.762497781884575
line 0.64699352096674 -0.762497781884575 0.651771581649095 -0.758417590613271
line 0.651771581649095 -0.758417590613271 0.656523911977782 -0.754307458863771
line 0.656523911977782 -0.754307458863771 0.661250324340561 -0.750167548891966
line 0.661250324340561 -0.750167548891966 0.665950632148348 -0.745998024129351
line 0.665950632148348 -0.745998024129351 0.670624649842592 -0.741799049176577
line 0.670624649842592 -0.741799049176577 0.675272192902593 -0.737570789796951
line 0.675272192902593 -0.737570789796951 0.679893077852794 -0.733313412909892
line 0.679893077852794 -0.733313412909892 0.684487122270018 -0.729027086584342
line 0.684487122270018 -0.729027086584342 0.689054144790674 -0.724711980032132
line 0.689054144790674 -0.724711980032132 0.693593965117916 -0.720368263601301
line 0.693593965117916 -0.720368263601301 0.698106404028762 -0.715996108769371
line 0.698106404028762 -0.715996108769371 0.702591283381171 -0.71159568813658
line 0.702591283381171 -0.71159568813658 0.707048426121072 -0.707167175419063
line 0.707048426121072 -0.707167175419063 0.711477656289358 -0.702710745442
line 0.711477656289358 -0.702710745442 0.715878799028832 -0.698226574132712
line 0.715878799028832 -0.698226574132712 0.720251680591108 -0.693714838513713
line 0.720251680591108 -0.693714838513713 0.724596128343476 -0.689175716695728
line 0.724596128343476 -0.689175716695728 0.728911970775712 -0.684609387870656
line 0.728911970775712 -0.684609387870656 0.733199037506852 -0.680016032304498
line 0.733199037506852 -0.680016032304498 0.73745715929192 -0.675395831330241
line 0.73745715929192 -0.675395831330241 0.741686168028607 -0.670748967340699
line 0.741686168028607 -0.670748967340699 0.74588589676391 -0.666075623781314
line 0.74588589676391 -0.666075623781314 0.750056179700721 -0.66137598514291
line 0.750056179700721 -0.66137598514291 0.754196852204377 -0.656650236954415
line 0.754196852204377 -0.656650236954415 0.758307750809154 -0.651898565775534
line 0.758307750809154 -0.651898565775534 0.762388713224727 -0.647121159189381
line 0.762388713224727 -0.647121159189381 0.766439578342572 -0.642318205795082
line 0.766439578342572 -0.642318205795082 0.770460186242331 -0.637489895200321
line 0.770460186242331 -0.637489895200321 0.774450378198122 -0.632636418013859
line 0.774450378198122 -0.632636418013859 0.778409996684808 -0.627757965838009
line 0.778409996684808 -0.627757965838009 0.782338885384217 -0.622854731261072
line 0.782338885384217 -0.622854731261072 0.78623688919131 -0.617926907849732
line 0.78623688919131 -0.617926907849732 0.790103854220308 -0.612974690141416
line 0.790103854220308 -0.612974690141416 0.793939627810766 -0.607998273636615
line 0.793939627810766 -0.607998273636615 0.797744058533602 -0.602997854791164
line 0.797744058533602 -0.602997854791164 0.801516996197071 -0.597973631008488
line 0.801516996197071 -0.597973631008488 0.805258291852701 -0.592925800631808
line 0.805258291852701 -0.592925800631808 0.808967797801169 -0.587854562936311
line 0.808967797801169 -0.587854562936311 0.812645367598134 -0.582760118121283
line 0.812645367598134 -0.582760118121283 0.816290856060019 -0.577642667302206
line 0.816290856060019 -0.577642667302206 0.819904119269741 -0.572502412502817
line 0.819904119269741 -0.572502412502817 0.823485014582396 -0.567339556647133
line 0.823485014582396 -0.567339556647133 0.827033400630888 -0.562154303551443
line 0.827033400630888 -0.562154303551443 0.830549137331513 -0.556946857916257
line 0.830549137331513 -0.556946857916257 0.834032085889488 -0.551717425318226
line 0.834032085889488 -0.551717425318226 0.83748210880443 -0.546466212202029
line 0.83748210880443 -0.546466212202029 0.840899069875786 -0.54119342587222
line 0.840899069875786 -0.54119342587222 0.84428283420821 -0.535899274485045
line 0.84428283420821 -0.535899274485045 0.84763326821689 -0.530583967040224
line 0.84763326821689 -0.530583967040224 0.85095023963282 -0.5252477133727
line 0.85095023963282 -0.5252477133727 0.854233617508022 -0.519890724144357
line 0.854233617508022 -0.519890724144357 0.857483272220718 -0.514513210835701
line 0.857483272220718 -0.514513210835701 0.860699075480447 -0.50911538573751
line 0.860699075480447 -0.50911538573751 0.86388090033313 -0.503697461942457
line 0.86388090033313 -0.503697461942457 0.86702862116608 -0.498259653336695
line 0.86702862116608 -0.498259653336695 0.870142113712966 -0.492802174591413
line 0.870142113712966 -0.492802174591413 0.873221255058714 -0.487325241154362
line 0.873221255058714 -0.487325241154362 0.876265923644363 -0.481829069241349
line 0.876265923644363 -0.481829069241349 0.879275999271866 -0.4763138758277
line 0.879275999271866 -0.4763138758277 0.882251363108829 -0.470779878639697
line 0.882251363108829 -0.470779878639697 0.885191897693212 -0.465227296145978
line 0.885191897693212 -0.465227296145978 0.888097486937956 -0.459656347548919
line 0.888097486937956 -0.459656347548919 0.890968016135576 -0.454067252775971
line 0.890968016135576 -0.454067252775971 0.893803371962684 -0.448460232470987
line 0.893803371962684 -0.448460232470987 0.896603442484463 -0.442835507985504
line 0.896603442484463 -0.442835507985504 0.899368117159091 -0.437193301370009
line 0.899368117159091 -0.437193301370009 0.902097286842101 -0.431533835365169
line 0.902097286842101 -0.431533835365169 0.90479084379069 -0.42585733339304
line 0.90479084379069 -0.42585733339304 0.907448681667977 -0.420164019548247
line 0.907448681667977 -0.420164019548247 0.910070695547197 -0.414454118589135
line 0.910070695547197 -0.414454118589135 0.912656781915847 -0.408727855928896
line 0.912656781915847 -0.408727855928896 0.915206838679768 -0.402985457626673
line 0.915206838679768 -0.402985457626673 0.917720765167182 -0.39722715037863
line 0.917720765167182 -0.39722715037863 0.920198462132663 -0.391453161509008
line 0.920198462132663 -0.391453161509008 0.922639831761055 -0.385663718961146
line 0.922639831761055 -0.385663718961146 0.925044777671336 -0.379859051288485
line 0.925044777671336 -0.379859051288485 0.927413204920421 -0.374039387645545
line 0.927413204920421 -0.374039387645545 0.929745020006913 -0.368204957778873
line 0.929745020006913 -0.368204957778873 0.932040130874793 -0.362355992017982
line 0.932040130874793 -0.362355992017982 0.934298446917055 -0.356492721266249
line 0.934298446917055 -0.356492721266249 0.93651987897928 -0.350615376991805
line 0.93651987897928 -0.350615376991805 0.938704339363164 -0.344724191218393
line 0.938704339363164 -0.344724191218393 0.940851741829971 -0.338819396516211
line 0.940851741829971 -0.338819396516211 0.942962001603945 -0.332901225992729
line 0.942962001603945 -0.332901225992729 0.945035035375654 -0.326969913283486
line 0.945035035375654 -0.326969913283486 0.94707076130528 -0.321025692542866
line 0.94707076130528 -0.321025692542866 0.949069099025847 -0.315068798434854
line 0.949069099025847 -0.315068798434854 0.9510299696464 -0.309099466123772
line 0.9510299696464 -0.309099466123772 0.952953295755115 -0.303117931264997
line 0.952953295755115 -0.303117931264997 0.954839001422357 -0.297124429995652
line 0.954839001422357 -0.297124429995652 0.956687012203678 -0.291119198925288
line 0.956687012203678 -0.291119198925288 0.958497255142756 -0.285102475126543
line 0.958497255142756 -0.285102475126543 0.960269658774274 -0.27907449612578
line 0.960269658774274 -0.27907449612578 0.962004153126745 -0.27303549989371
line 0.962004153126745 -0.27303549989371 0.963700669725271 -0.266985724836
line 0.963700669725271 -0.266985724836 0.965359141594247 -0.260925409783858
line 0.965359141594247 -0.260925409783858 0.96697950326001 -0.254854793984604
line 0.96697950326001 -0.254854793984604 0.968561690753416 -0.248774117092228
line 0.968561690753416 -0.248774117092228 0.970105641612372 -0.242683619157925
line 0.970105641612372 -0.242683619157925 0.9716112948843 -0.236583540620618
line 0.9716112948843 -0.236583540620618 0.973078591128544 -0.230474122297469
line 0.973078591128544 -0.230474122297469 0.974507472418715 -0.224355605374368
line 0.974507472418715 -0.224355605374368 0.97589788234498 -0.218228231396416
line 0.97589788234498 -0.218228231396416 0.977249766016288 -0.212092242258381
line 0.977249766016288 -0.212092242258381 0.978563070062539 -0.205947880195156
line 0.978563070062539 -0.205947880195156 0.97983774263669 -0.199795387772193
line 0.97983774263669 -0.199795387772193 0.981073733416799 -0.193635007875924
line 0.981073733416799 -0.193635007875924 0.982270993608019 -0.187466983704175
line 0.982270993608019 -0.187466983704175 0.983429475944516 -0.181291558756566
line 0.983429475944516 -0.181291558756566 0.984549134691343 -0.175108976824893
line 0.984549134691343 -0.175108976824893 0.985629925646238 -0.168919481983508
line 0.985629925646238 -0.168919481983508 0.986671806141378 -0.16272331857968
line 0.986671806141378 -0.16272331857968 0.987674735045054 -0.15652073122395
line 0.987674735045054 -0.15652073122395 0.988638672763304 -0.150311964780473
line 0.988638672763304 -0.150311964780473 0.98956358124147 -0.144097264357351
line 0.98956358124147 -0.144097264357351 0.990449423965701 -0.137876875296958
line 0.990449423965701 -0.137876875296958 0.991296165964399 -0.13165104316625
line 0.991296165964399 -0.13165104316625 0.992103773809594 -0.125420013747074
line 0.992103773809594 -0.125420013747074 0.99287221561827 -0.119184033026464
line 0.99287221561827 -0.119184033026464 0.993601461053618 -0.112943347186929
line 0.993601461053618 -0.112943347186929 0.994291481326237 -0.106698202596732
line 0.994291481326237 -0.106698202596732 0.994942249195268 -0.100448845800166
line 0.994942249195268 -0.100448845800166 0.995553738969475 -0.0941955235078213
line 0.995553738969475 -0.0941955235078213 0.996125926508254 -0.0879384825868422
line 0.996125926508254 -0.0879384825868422 0.996658789222586 -0.0816779700511834
line 0.996658789222586 -0.0816779700511834 0.997152306075933 -0.0754142330518571
line 0.997152306075933 -0.0754142330518571 0.997606457585065 -0.0691475188671759
line 0.997606457585065 -0.0691475188671759 0.998021225820832 -0.06287807489299
line 0.998021225820832 -0.06287807489299 0.998396594408868 -0.0566061486329205
line 0.998396594408868 -0.0566061486329205 0.998732548530243 -0.0503319876885879
line 0.998732548530243 -0.0503319876885879 0.999029074922041 -0.0440558397498371
line 0.999029074922041 -0.0440558397498371 0.999286161877891 -0.0377779525849582
line 0.999286161877891 -0.0377779525849582 0.999503799248425 -0.0314985740309056
line 0.999503799248425 -0.0314985740309056 0.999681978441677 -0.0252179519835125
line 0.999681978441677 -0.0252179519835125 0.999820692423428 -0.0189363343877051
line 0.999820692423428 -0.0189363343877051 0.999919935717479 -0.0126539692277131
line 0.999919935717479 -0.0126539692277131 0.999979704405868 -0.0063711045172797
line 0.999979704405868 -0.0063711045172797 0.999999996129027 -8.79882898701225e-05
line 0.999999996129027 -8.79882898701225e-05 0.999980810085871 0.00619513141112061
