#x -1.5 1.5 y -1.5 1.5
#cs 0.8
line 1 0 0.99998026098892 0.00471233849109014
line 0.99998026098892 0.00471233849109014 0.999921043712182 0.00942449094114728
line 0.999921043712182 0.00942449094114728 0.99982234743932 0.0141362712875628
line 0.99982234743932 0.0141362712875628 0.999684170952981 0.018847493424571
line 0.999684170952981 0.018847493424571 0.999506512549064 0.0235579711816556
line 0.999506512549064 0.0235579711816556 0.999289370036908 0.0282675183019384
line 0.999289370036908 0.0282675183019384 0.999032740739541 0.0329759484205448
line 0.999032740739541 0.0329759484205448 0.998736621493982 0.0376830750429387
line 0.998736621493982 0.0376830750429387 0.998401008651599 0.0423887115232225
line 0.998401008651599 0.0423887115232225 0.998025898078522 0.0470926710423951
line 0.998025898078522 0.0470926710423951 0.997611285156119 0.0517947665865622
line 0.997611285156119 0.0517947665865622 0.997157164781517 0.0564948109250933
line 0.997157164781517 0.0564948109250933 0.996663531368199 0.0611926165887185
line 0.996663531368199 0.0611926165887185 0.99613037884664 0.0658879958475596
line 0.99613037884664 0.0658879958475596 0.995557700665022 0.0705807606890898
line 0.995557700665022 0.0705807606890898 0.994945489789995 0.0752707227960147
line 0.994945489789995 0.0752707227960147 0.994293738707509 0.0799576935240691
line 0.994293738707509 0.0799576935240691 0.993602439423702 0.0846414838797239
line 0.993602439423702 0.0846414838797239 0.992871583465861 0.0893219044977959
line 0.992871583465861 0.0893219044977959 0.992101161883437 0.0939987656189545
line 0.992101161883437 0.0939987656189545 0.991291165249138 0.0986718770671191
line 0.991291165249138 0.0986718770671191 0.99044158366008 0.103341048226741
line 0.99044158366008 0.103341048226741 0.989552406739018 0.108006088019963
line 0.989552406739018 0.108006088019963 0.988623623635637 0.11266680488365
line 0.988623623635637 0.11266680488365 0.987655223027925 0.117323006746284
line 0.987655223027925 0.117323006746284 0.986647193123617 0.121974501004719
line 0.986647193123617 0.121974501004719 0.985599521661713 0.126621094500784
line 0.985599521661713 0.126621094500784 0.984512195914084 0.131262593497734
line 0.984512195914084 0.131262593497734 0.983385202687144 0.135898803656537
line 0.983385202687144 0.135898803656537 0.982218528323618 0.140529530011992
line 0.982218528323618 0.140529530011992 0.981012158704392 0.145154576948669
line 0.981012158704392 0.145154576948669 0.979766079250441 0.149773748176671
line 0.979766079250441 0.149773748176671 0.978480274924864 0.154386846707202
line 0.978480274924864 0.154386846707202 0.977154730234996 0.158993674827933
line 0.977154730234996 0.158993674827933 0.975789429234624 0.163594034078174
line 0.975789429234624 0.163594034078174 0.974384355526299 0.168187725223824
line 0.974384355526299 0.168187725223824 0.97293949226375 0.172774548232101
line 0.97293949226375 0.172774548232101 0.971454822154401 0.177354302246057
line 0.971454822154401 0.177354302246057 0.969930327461995 0.181926785558836
line 0.969930327461995 0.181926785558836 0.968365990009334 0.186491795587712
line 0.968365990009334 0.186491795587712 0.966761791181123 0.191049128847859
line 0.966761791181123 0.191049128847859 0.965117711926948 0.195598580925865
line 0.965117711926948 0.195598580925865 0.963433732764358 0.20013994645299
line 0.963433732764358 0.20013994645299 0.961709833782086 0.204673019078129
line 0.961709833782086 0.204673019078129 0.959945994643398 0.209197591440506
line 0.959945994643398 0.209197591440506 0.958142194589566 0.213713455142071
line 0.958142194589566 0.213713455142071 0.956298412443494 0.218220400719588
line 0.956298412443494 0.218220400719588 0.954414626613479 0.222718217616425
line 0.954414626613479 0.222718217616425 0.952490815097121 0.227206694154013
line 0.952490815097121 0.227206694154013 0.950526955485386 0.231685617502985
line 0.950526955485386 0.231685617502985 0.94852302496683 0.236154773653966
line 0.94852302496683 0.236154773653966 0.946479000331982 0.240613947388031
line 0.946479000331982 0.240613947388031 0.9443948579779 0.245062922246787
line 0.9443948579779 0.245062922246787 0.942270573912899 0.249501480502106
line 0.942270573912899 0.249501480502106 0.940106123761461 0.253929403125465
line 0.940106123761461 0.253929403125465 0.937901482769333 0.258346469756909
line 0.937901482769333 0.258346469756909 0.935656625808815 0.262752458673611
line 0.935656625808815 0.262752458673611 0.933371527384251 0.267147146758028
line 0.933371527384251 0.267147146758028 0.93104616163773 0.27153030946563
line 0.93104616163773 0.27153030946563 0.928680502354989 0.275901720792209
line 0.928680502354989 0.275901720792209 0.926274522971553 0.280261153240736
line 0.926274522971553 0.280261153240736 0.923828196579096 0.284608377787774
line 0.923828196579096 0.284608377787774 0.921341495932035 0.288943163849421
line 0.921341495932035 0.288943163849421 0.918814393454384 0.293265279246777
line 0.918814393454384 0.293265279246777 0.916246861246843 0.29757449017093
line 0.916246861246843 0.29757449017093 0.913638871094168 0.301870561147425
line 0.913638871094168 0.301870561147425 0.910990394472801 0.306153255000242
line 0.910990394472801 0.306153255000242 0.908301402558788 0.310422332815225
line 0.908301402558788 0.310422332815225 0.905571866235985 0.314677553902991
line 0.905571866235985 0.314677553902991 0.902801756104571 0.31891867576127
line 0.902801756104571 0.31891867576127 0.899991042489869 0.323145454036697
line 0.899991042489869 0.323145454036697 0.897139695451493 0.327357642486003
line 0.897139695451493 0.327357642486003 0.894247684792829 0.331554992936632
line 0.894247684792829 0.331554992936632 0.891314980070868 0.335737255246735
line 0.891314980070868 0.335737255246735 0.888341550606391 0.339904177264549
line 0.888341550606391 0.339904177264549 0.885327365494533 0.34405550478713
line 0.885327365494533 0.34405550478713 0.882272393615726 0.348190981518445
line 0.882272393615726 0.348190981518445 0.879176603647053 0.352310349026776
line 0.879176603647053 0.352310349026776 0.876039964074 0.356413346701458
line 0.876039964074 0.356413346701458 0.87286244320265 0.360499711708904
line 0.87286244320265 0.360499711708904 0.869644009172316 0.364569178947911
line 0.869644009172316 0.364569178947911 0.866384629968631 0.368621481004236
line 0.866384629968631 0.368621481004236 0.863084273437117 0.372656348104419
line 0.863084273437117 0.372656348104419 0.859742907297253 0.376673508068831
line 0.859742907297253 0.376673508068831 0.856360499157042 0.380672686263936
line 0.856360499157042 0.380672686263936 0.852937016528119 0.384653605553747
line 0.852937016528119 0.384653605553747 0.849472426841406 0.388615986250458
line 0.849472426841406 0.388615986250458 0.845966697463329 0.392559546064222
line 0.845966697463329 0.392559546064222 0.842419795712633 0.396484000052076
line 0.842419795712633 0.396484000052076 0.838831688877804 0.400389060565973
line 0.838831688877804 0.400389060565973 0.835202344235125 0.404274437199913
line 0.835202344235125 0.404274437199913 0.831531729067386 0.408139836736145
line 0.831531729067386 0.408139836736145 0.827819810683279 0.411984963090425
line 0.827819810683279 0.411984963090425 0.824066556437494 0.415809517256298
line 0.824066556437494 0.415809517256298 0.820271933751547 0.4196131972484
line 0.820271933751547 0.4196131972484 0.816435910135368 0.423395698044734
line 0.816435910135368 0.423395698044734 0.812558453209669 0.427156711527916
line 0.812558453209669 0.427156711527916 0.808639530729132 0.430895926425359
line 0.808639530729132 0.430895926425359 0.804679110606441 0.43461302824837
line 0.804679110606441 0.43461302824837 0.800677160937185 0.438307699230137
line 0.800677160937185 0.438307699230137 0.796633650025672 0.441979618262589
line 0.796633650025672 0.441979618262589 0.792548546411687 0.445628460832085
line 0.792548546411687 0.445628460832085 0.78842181889822 0.449253898953927
line 0.78842181889822 0.449253898953927 0.784253436580216 0.452855601105651
line 0.784253436580216 0.452855601105651 0.780043368874363 0.456433232159089
line 0.780043368874363 0.456433232159089 0.775791585549984 0.459986453311151
line 0.775791585549984 0.459986453311151 0.771498056761046 0.463514922013326
line 0.771498056761046 0.463514922013326 0.767162753079351 0.467018291899848
line 0.767162753079351 0.467018291899848 0.762785645528939 0.470496212714511
line 0.762785645528939 0.470496212714511 0.758366705621753 0.473948330236109
line 0.758366705621753 0.473948330236109 0.75390590539462 0.477374286202449
line 0.75390590539462 0.477374286202449 0.749403217447577 0.480773718232937
line 0.749403217447577 0.480773718232937 0.744858614983626 0.484146259749672
line 0.744858614983626 0.484146259749672 0.740272071849936 0.487491539897048
line 0.740272071849936 0.487491539897048 0.735643562580577 0.490809183459806
line 0.735643562580577 0.490809183459806 0.730973062440821 0.494098810779521
line 0.730973062440821 0.494098810779521 0.726260547473085 0.497360037669478
line 0.726260547473085 0.497360037669478 0.721505994544574 0.500592475327915
line 0.721505994544574 0.500592475327915 0.716709381396687 0.503795730249586
line 0.716709381396687 0.503795730249586 0.711870686696251 0.506969404135621
line 0.711870686696251 0.506969404135621 0.706989890088666 0.510113093801634
line 0.706989890088666 0.510113093801634 0.702066972253012 0.513226391084062
line 0.702066972253012 0.513226391084062 0.697101914959223 0.516308882744679
line 0.697101914959223 0.516308882744679 0.692094701127375 0.519360150373259
line 0.692094701127375 0.519360150373259 0.687045314889201 0.522379770288355
line 0.687045314889201 0.522379770288355 0.681953741651891 0.525367313436139
line 0.681953741651891 0.525367313436139 0.676819968164292 0.528322345287286
line 0.676819968164292 0.528322345287286 0.671643982585578 0.531244425731851
line 0.671643982585578 0.531244425731851 0.666425774556502 0.534133108972103
line 0.666425774556502 0.534133108972103 0.661165335273325 0.536987943413277
line 0.661165335273325 0.536987943413277 0.655862657564526 0.539808471552211
line 0.655862657564526 0.539808471552211 0.650517735970404 0.542594229863816
line 0.650517735970404 0.542594229863816 0.645130566825684 0.545344748685353
line 0.645130566825684 0.545344748685353 0.639701148345246 0.548059552098472
line 0.639701148345246 0.548059552098472 0.634229480713102 0.55073815780897
line 0.634229480713102 0.55073815780897 0.628715566174745 0.553380077024237
line 0.628715566174745 0.553380077024237 0.623159409133003 0.555984814328341
line 0.623159409133003 0.555984814328341 0.61756101624755 0.558551867554728
line 0.61756101624755 0.558551867554728 0.611920396538195 0.561080727656478
line 0.611920396538195 0.561080727656478 0.606237561492126 0.563570878574101
line 0.606237561492126 0.563570878574101 0.600512525175244 0.566021797100814
line 0.600512525175244 0.566021797100814 0.59474530434777 0.568432952745287
line 0.59474530434777 0.568432952745287 0.588935918584276 0.570803807591794
line 0.588935918584276 0.570803807591794 0.583084390398334 0.573133816157757
line 0.583084390398334 0.573133816157757 0.577190745371967 0.575422425248641
line 0.577190745371967 0.575422425248641 0.571255012290076 0.577669073810161
line 0.571255012290076 0.577669073810161 0.565277223280073 0.579873192777786
line 0.565277223280073 0.579873192777786 0.559257413956904 0.582034204923489
line 0.559257413956904 0.582034204923489 0.553195623573699 0.584151524699738
line 0.553195623573699 0.584151524699738 0.547091895178261 0.586224558080691
line 0.547091895178261 0.586224558080691 0.540946275775644 0.588252702400565
line 0.540946275775644 0.588252702400565 0.534758816497061 0.590235346189184
line 0.534758816497061 0.590235346189184 0.528529572775377 0.592171869004655
line 0.528529572775377 0.592171869004655 0.522258604527459 0.594061641263195
line 0.522258604527459 0.594061641263195 0.515945976343663 0.595904024066066
line 0.515945976343663 0.595904024066066 0.509591757684749 0.597698369023636
line 0.509591757684749 0.597698369023636 0.503196023086521 0.599444018076553
line 0.503196023086521 0.599444018076553 0.496758852372519 0.601140303314042
line 0.496758852372519 0.601140303314042 0.490280330875084 0.602786546789327
line 0.490280330875084 0.602786546789327 0.483760549665143 0.604382060332204
line 0.483760549665143 0.604382060332204 0.477199605791066 0.605926145358778
line 0.477199605791066 0.605926145358778 0.47059760252698 0.607418092678396
line 0.47059760252698 0.607418092678396 0.463954649630915 0.608857182297819
line 0.463954649630915 0.608857182297819 0.457270863613188 0.61024268322267
line 0.457270863613188 0.61024268322267 0.450546368015453 0.611573853256218
line 0.450546368015453 0.611573853256218 0.443781293700849 0.612849938795569
line 0.443781293700849 0.612849938795569 0.436975779155702 0.614070174625326
line 0.436975779155702 0.614070174625326 0.430129970803261 0.615233783708824
line 0.430129970803261 0.615233783708824 0.42324402332995 0.616339976977035
line 0.42324402332995 0.616339976977035 0.416318100024671 0.617387953115254
line 0.416318100024671 0.617387953115254 0.409352373131669 0.618376898347706
line 0.409352373131669 0.618376898347706 0.402347024217531 0.619305986220227
line 0.402347024217531 0.619305986220227 0.395302244552897 0.620174377381169
line 0.395302244552897 0.620174377381169 0.388218235509471 0.620981219360739
line 0.388218235509471 0.620981219360739 0.381095208972983 0.621725646348959
line 0.381095208972983 0.621725646348959 0.373933387772714 0.622406778972497
line 0.373933387772714 0.622406778972497 0.366733006128304 0.623023724070615
line 0.366733006128304 0.623023724070615 0.3594943101145 0.623575574470517
line 0.3594943101145 0.623575574470517 0.352217558144601 0.624061408762422
line 0.352217558144601 0.624061408762422 0.344903021473345 0.624480291074692
line 0.344903021473345 0.624480291074692 0.33755098472001 0.624831270849405
line 0.33755098472001 0.624831270849405 0.330161746412562 0.625113382618781
line 0.330161746412562 0.625113382618781 0.322735619553658 0.625325645782923
line 0.322735619553658 0.625325645782923 0.315272932209412 0.625467064389367
line 0.315272932209412 0.625467064389367 0.307774028121782 0.625536626914978
line 0.307774028121782 0.625536626914978 0.300239267345538 0.625533306050804
line 0.300239267345538 0.625533306050804 0.292669026910759 0.625456058490512
line 0.292669026910759 0.625456058490512 0.285063701511844 0.625303824723124
line 0.285063701511844 0.625303824723124 0.277423704224071 0.625075528830814
line 0.277423704224071 0.625075528830814 0.269749467248742 0.624770078292594
line 0.269749467248742 0.624770078292594 0.26204144268801 0.624386363794793
line 0.26204144268801 0.624386363794793 0.254300103350486 0.623923259049311
line 0.254300103350486 0.623923259049311 0.246525943588778 0.623379620620695
line 0.246525943588778 0.623379620620695 0.238719480170128 0.622754287763197
line 0.238719480170128 0.622754287763197 0.230881253181338 0.622046082269044
line 0.230881253181338 0.622046082269044 0.223011826969213 0.621253808329272
line 0.223011826969213 0.621253808329272 0.215111791117765 0.620376252408551
line 0.215111791117765 0.620376252408551 0.20718176146344 0.61941218313559
line 0.20718176146344 0.61941218313559 0.199222381149656 0.618360351210785
line 0.199222381149656 0.618360351210785 0.191234321721947 0.617219489332937
line 0.191234321721947 0.617219489332937 0.183218284265034 0.615988312146988
line 0.183218284265034 0.615988312146988 0.17517500058312 0.614665516214888
line 0.17517500058312 0.614665516214888 0.167105234424745 0.613249780011844
line 0.167105234424745 0.613249780011844 0.159009782753505 0.611739763950394
line 0.159009782753505 0.611739763950394 0.150889477065939 0.610134110434905
line 0.150889477065939 0.610134110434905 0.14274518475786 0.608431443949301
line 0.14274518475786 0.608431443949301 0.134577810540387 0.60663037118103
line 0.134577810540387 0.60663037118103 0.126388297906894 0.604729481184464
line 0.126388297906894 0.604729481184464 0.118177630652026 0.602727345587207
line 0.118177630652026 0.602727345587207 0.109946834443891 0.600622518842963
line 0.109946834443891 0.600622518842963 0.101696978450453 0.598413538534913
line 0.101696978450453 0.598413538534913 0.093429177021037 0.596098925733794
line 0.093429177021037 0.596098925733794 0.0851445914237651 0.593677185415166
line 0.0851445914237651 0.593677185415166 0.0768444316396149 0.591146806940622
line 0.0768444316396149 0.591146806940622 0.0685299582136063 0.588506264608035
line 0.0685299582136063 0.588506264608035 0.0602024841634732 0.585754018276228
line 0.0602024841634732 0.585754018276228 0.05186337694595 0.582888514069792
line 0.05186337694595 0.582888514069792 0.0435140604805714 0.579908185170141
line 0.0435140604805714 0.579908185170141 0.0351560172306102 0.576811452699223
line 0.0351560172306102 0.576811452699223 0.0267907903404678 0.57359672670269
line 0.0267907903404678 0.57359672670269 0.0184199858284848 0.57026240723971
line 0.0184199858284848 0.57026240723971 0.0100452748337449 0.566806885586978
line 0.0100452748337449 0.566806885586978 0.00166839591500455 0.56322854556489
line 0.00166839591500455 0.56322854556489 -0.00670884260061168 0.559525764994219
line -0.00670884260061168 0.559525764994219 -0.0150845602220603 0.555696917292062
line -0.0150845602220603 0.555696917292062 -0.0234568018554907 0.551740373216175
line -0.0234568018554907 0.551740373216175 -0.0318235353262146 0.547654502767244
line -0.0318235353262146 0.547654502767244 -0.0401826488664722 0.543437677258982
line -0.0401826488664722 0.543437677258982 -0.0485319485747535 0.539088271566313
line -0.0485319485747535 0.539088271566313 -0.0568691558533329 0.534604666562241
line -0.0568691558533329 0.534604666562241 -0.0651919048316578 0.529985251754288
line -0.0651919048316578 0.529985251754288 -0.0734977397843023 0.525228428131651
line -0.0734977397843023 0.525228428131651 -0.0817841125533624 0.520332611234461
line -0.0817841125533624 0.520332611234461 -0.0900483799864262 0.515296234456623
line -0.0900483799864262 0.515296234456623 -0.0982878014026138 0.510117752593869
line -0.0982878014026138 0.510117752593869 -0.10649953610064 0.504795645648563
line -0.10649953610064 0.504795645648563 -0.114680640924412 0.499328422902756
line -0.114680640924412 0.499328422902756 -0.122828067903351 0.493714627270726
line -0.122828067903351 0.493714627270726 -0.130938661986371 0.487952839941858
line -0.130938661986371 0.487952839941858 -0.13900915889033 0.48204168532425
line -0.13900915889033 0.48204168532425 -0.147036183085722 0.475979836298672
line -0.147036183085722 0.475979836298672 -0.155016245944396 0.469766019791661
line -0.155016245944396 0.469766019791661 -0.162945744076234 0.463399022675385
line -0.162945744076234 0.463399022675385 -0.170820957883849 0.456877698000556
line -0.170820957883849 0.456877698000556 -0.178638050366615 0.450200971567049
line -0.178638050366615 0.450200971567049 -0.186393066207532 0.443367848834915
line -0.186393066207532 0.443367848834915 -0.194081931178666 0.436377422176268
line -0.194081931178666 0.436377422176268 -0.201700451903079 0.429228878465884
line -0.201700451903079 0.429228878465884 -0.209244316013241 0.421921507005384
line -0.209244316013241 0.421921507005384 -0.216709092747913 0.414454707772525
line -0.216709092747913 0.414454707772525 -0.224090234031259 0.406827999983323
line -0.224090234031259 0.406827999983323 -0.23138307607952 0.399041030950523
line -0.23138307607952 0.399041030950523 -0.238582841581867 0.391093585217341
line -0.238582841581867 0.391093585217341 -0.245684642502918 0.38298559394027
line -0.245684642502918 0.38298559394027 -0.252683483554912 0.374717144489291
line -0.252683483554912 0.374717144489291 -0.259574266387435 0.366288490227913
line -0.259574266387435 0.366288490227913 -0.266351794541979 0.357700060429164
line -0.266351794541979 0.357700060429164 -0.273010779217198 0.348952470277027
line -0.273010779217198 0.348952470277027 -0.279545845888653 0.340046530895933
line -0.279545845888653 0.340046530895933 -0.285951541823751 0.330983259343753
line -0.285951541823751 0.330983259343753 -0.292222344528671 0.321763888496538
line -0.292222344528671 0.321763888496538 -0.298352671159018 0.312389876745972
line -0.298352671159018 0.312389876745972 -0.304336888919831 0.302862917423415
line -0.304336888919831 0.302862917423415 -0.310169326473289 0.293184947857521
line -0.310169326473289 0.293184947857521 -0.315844286363964 0.283358157966035
line -0.315844286363964 0.283358157966035 -0.321356058461749 0.273384998276573
line -0.321356058461749 0.273384998276573 -0.32669893441169 0.263268187266217
line -0.32669893441169 0.263268187266217 -0.331867223067846 0.253010717905842
line -0.331867223067846 0.253010717905842 -0.336855266875142 0.242615863292439
line -0.336855266875142 0.242615863292439 -0.341657459149028 0.232087181251468
line -0.341657459149028 0.232087181251468 -0.346268262187825 0.221428517791836
line -0.346268262187825 0.221428517791836 -0.350682226137066 0.210644009298456
line -0.350682226137066 0.210644009298456 -0.354894008509225 0.199738083351836
line -0.354894008509225 0.199738083351836 -0.358898394246278 0.188715458070878
line -0.358898394246278 0.188715458070878 -0.362690316196785 0.177581139884092
line -0.362690316196785 0.177581139884092 -0.366264875864129 0.166340419645895
line -0.366264875864129 0.166340419645895 -0.36961736426847 0.154998867028521
line -0.36961736426847 0.154998867028521 -0.372743282752325 0.143562323136244
line -0.372743282752325 0.143562323136244 -0.375638363548925 0.132036891307044
line -0.375638363548925 0.132036891307044 -0.37829858992389 0.120428926087179
line -0.37829858992389 0.120428926087179 -0.380720215694883 0.108745020386266
line -0.380720215694883 0.108745020386266 -0.382899783930899 0.0969919908438637
line -0.382899783930899 0.0969919908438637 -0.384834144633115 0.0851768614628822
line -0.384834144633115 0.0851768614628822 -0.386520471202974 0.0733068455899085
line -0.386520471202974 0.0733068455899085 -0.38795627551044 0.0613893263471254
line -0.38795627551044 0.0613893263471254 -0.389139421386311 0.0494318356444386
line -0.389139421386311 0.0494318356444386 -0.390068136376923 0.0374420319230507
line -0.390068136376923 0.0374420319230507 -0.390741021617369 0.0254276768024999
line -0.390741021617369 0.0254276768024999 -0.391157059700307 0.0133966108215405
line -0.391157059700307 0.0133966108215405 -0.39131562044096 0.00135672847869618
line -0.39131562044096 0.00135672847869618 -0.391216464464759 -0.0106840472095702
line -0.391216464464759 -0.0106840472095702 -0.390859744571519 -0.0227177904067039
line -0.390859744571519 -0.0227177904067039 -0.390246004858569 -0.0347365981790544
line -0.390246004858569 -0.0347365981790544 -0.389376177614169 -0.0467326160127137
line -0.389376177614169 -0.0467326160127137 -0.388251578021214 -0.0586980628965155
line -0.388251578021214 -0.0586980628965155 -0.386873896738965 -0.070625255751113
line -0.386873896738965 -0.070625255751113 -0.385245190456764 -0.0825066329953886
line -0.385245190456764 -0.0825066329953886 -0.383367870537792 -0.0943347770562166
line -0.383367870537792 -0.0943347770562166 -0.381244689892441 -0.106102435645371
line -0.381244689892441 -0.106102435645371 -0.378878728239399 -0.117802541647668
line -0.378878728239399 -0.117802541647668 -0.376273375927712 -0.129428231486716
line -0.376273375927712 -0.129428231486716 -0.373432316504817 -0.140972861858325
line -0.373432316504817 -0.140972861858325 -0.37035950822359 -0.152430024746153
line -0.37035950822359 -0.152430024746153 -0.36705916468596 -0.163793560658915
line -0.36705916468596 -0.163793560658915 -0.363535734821638 -0.175057570052948
line -0.363535734821638 -0.175057570052948 -0.359793882398206 -0.186216422927583
line -0.359793882398206 -0.186216422927583 -0.3558384652535 -0.197264766603171
line -0.3558384652535 -0.197264766603171 -0.351674514433201 -0.208197531712406
line -0.351674514433201 -0.208197531712406 -0.347307213406202 -0.219009936454413
line -0.347307213406202 -0.219009936454413 -0.342741877518047 -0.229697489177754
line -0.342741877518047 -0.229697489177754 -0.337983933828951 -0.240255989372891
line -0.337983933828951 -0.240255989372891 -0.333038901468003 -0.250681527166572
line -0.333038901468003 -0.250681527166572 -0.327912372619572 -0.260970481420227
line -0.327912372619572 -0.260970481420227 -0.322609994241951 -0.271119516541626
line -0.322609994241951 -0.271119516541626 -0.317137450602356 -0.281125578124025
line -0.317137450602356 -0.281125578124025 -0.311500446696722 -0.290985887529863
line -0.311500446696722 -0.290985887529863 -0.305704692607661 -0.300697935536973
line -0.305704692607661 -0.300697935536973 -0.299755888839588 -0.310259475164412
line -0.299755888839588 -0.310259475164412 -0.293659712656666 -0.319668513792698
line -0.293659712656666 -0.319668513792698 -0.287421805436871 -0.328923304689504
line -0.287421805436871 -0.328923304689504 -0.281047761044302 -0.338022338047181
line -0.281047761044302 -0.338022338047181 -0.27454311521191 -0.346964331632771
line -0.27454311521191 -0.346964331632771 -0.267913335918042 -0.355748221144973
line -0.267913335918042 -0.355748221144973 -0.261163814732661 -0.364373150365655
line -0.261163814732661 -0.364373150365655 -0.254299859102738 -0.372838461186519
line -0.254299859102738 -0.372838461186519 -0.247326685541049 -0.381143683584226
line -0.247326685541049 -0.381143683584226 -0.240249413678428 -0.389288525610075
line -0.240249413678428 -0.389288525610075 -0.233073061136318 -0.397272863453175
line -0.233073061136318 -0.397272863453175 -0.225802539174114 -0.405096731629071
line -0.225802539174114 -0.405096731629071 -0.218442649064302 -0.412760313339096
line -0.218442649064302 -0.412760313339096 -0.210998079147574 -0.42026393103938
line -0.210998079147574 -0.42026393103938 -0.203473402519924 -0.427608037252403
line -0.203473402519924 -0.427608037252403 -0.195873075304094 -0.434793205648452
line -0.195873075304094 -0.434793205648452 -0.188201435458542 -0.441820122419135
line -0.188201435458542 -0.441820122419135 -0.180462702078312 -0.448689577960401
line -0.180462702078312 -0.448689577960401 -0.172660975143686 -0.455402458878202
line -0.172660975143686 -0.455402458878202 -0.164800235674247 -0.461959740326092
line -0.164800235674247 -0.461959740326092 -0.156884346247919 -0.468362478680569
line -0.156884346247919 -0.468362478680569 -0.148917051846616 -0.474611804556929
line -0.148917051846616 -0.474611804556929 -0.140901980992299 -0.480708916165736
line -0.140901980992299 -0.480708916165736 -0.132842647139454 -0.486655073007624
line -0.132842647139454 -0.486655073007624 -0.124742450292207 -0.492451589902228
line -0.124742450292207 -0.492451589902228 -0.116604678816541 -0.498099831345265
line -0.116604678816541 -0.498099831345265 -0.108432511420221 -0.503601206186424
line -0.108432511420221 -0.503601206186424 -0.100229019275201 -0.50895716261952
line -0.100229019275201 -0.50895716261952 -0.0919971682592982 -0.51416918347544
line -0.0919971682592982 -0.51416918347544 -0.083739821295921 -0.51923878180767
line -0.083739821295921 -0.51923878180767 -0.0754597407725105 -0.524167496759624
line -0.0754597407725105 -0.524167496759624 -0.0671595910201443 -0.528956889702624
line -0.0671595910201443 -0.528956889702624 -0.0588419408384333 -0.533608540633091
line -0.0588419408384333 -0.533608540633091 -0.0505092660514321 -0.538124044817391
line -0.0505092660514321 -0.538124044817391 -0.0421639520817596 -0.542505009672745
line -0.0421639520817596 -0.542505009672745 -0.0338082965315113 -0.54675305187268
line -0.0338082965315113 -0.54675305187268 -0.0254445117598217 -0.550869794665604
line -0.0254445117598217 -0.550869794665604 -0.0170747274481217 -0.554856865395324
line -0.0170747274481217 -0.554856865395324 -0.0087009931452233 -0.558715893212557
line -0.0087009931452233 -0.558715893212557 -0.000325280785369943 -0.562448506966762
line -0.000325280785369943 -0.562448506966762 0.00805051282669764 -0.566056333267982
line 0.00805051282669764 -0.566056333267982 0.0164245635687697 -0.569540994708712
line 0.0164245635687697 -0.569540994708712 0.0247951175966417 -0.572904108236179
line 0.0247951175966417 -0.572904108236179 0.0331604889856947 -0.576147283665822
line 0.0331604889856947 -0.576147283665822 0.04151905742162 -0.579272122327128
line 0.04151905742162 -0.579272122327128 0.0498692659427642 -0.582280215833398
line 0.0498692659427642 -0.582280215833398 0.0582096187360644 -0.585173144967406
line 0.0582096187360644 -0.585173144967406 0.0665386789880945 -0.587952478675288
line 0.0665386789880945 -0.587952478675288 0.0748550667923377 -0.590619773161422
line 0.0748550667923377 -0.590619773161422 0.0831574571134436 -0.593176571077403
line 0.0831574571134436 -0.593176571077403 0.0914445778089103 -0.59562440079861
line 0.0914445778089103 -0.59562440079861 0.0997152077083514 -0.597964775782224
line 0.0997152077083514 -0.597964775782224 0.107968174750265 -0.600199194000873
line 0.107968174750265 -0.600199194000873 0.116202354176001 -0.602329137446465
line 0.116202354176001 -0.602329137446465 0.124416666780448 -0.604356071699039
line 0.124416666780448 -0.604356071699039 0.132610077218781 -0.606281445555822
line 0.132610077218781 -0.606281445555822 0.140781592368499 -0.608106690715936
line 0.140781592368499 -0.608106690715936 0.148930259745842 -0.609833221516508
line 0.148930259745842 -0.609833221516508 0.157055165975584 -0.611462434716185
line 0.157055165975584 -0.611462434716185 0.165155435313136 -0.612995709322327
line 0.165155435313136 -0.612995709322327 0.173230228217788 -0.614434406458381
line 0.173230228217788 -0.614434406458381 0.181278739975909 -0.615779869268175
line 0.181278739975909 -0.615779869268175 0.189300199372846 -0.617033422854078
line 0.189300199372846 -0.617033422854078 0.197293867412257 -0.618196374246195
line 0.197293867412257 -0.618196374246195 0.205259036081574 -0.619270012399934
line 0.205259036081574 -0.619270012399934 0.2131950271623 -0.620255608219482
line 0.2131950271623 -0.620255608219482 0.221101191083801 -0.621154414604897
line 0.221101191083801 -0.621154414604897 0.228976905819299 -0.621967666520665
line 0.228976905819299 -0.621967666520665 0.236821575822741 -0.622696581083754
line 0.236821575822741 -0.622696581083754 0.244634631005251 -0.623342357669299
line 0.244634631005251 -0.623342357669299 0.252415525749873 -0.623906178032224
line 0.252415525749873 -0.623906178032224 0.260163737963332 -0.624389206443204
line 0.260163737963332 -0.624389206443204 0.267878768163578 -0.624792589837494
line 0.267878768163578 -0.624792589837494 0.275560138601869 -0.625117457975266
line 0.275560138601869 -0.625117457975266 0.283207392418208 -0.625364923612191
line 0.283207392418208 -0.625364923612191 0.290820092828944 -0.625536082679097
line 0.290820092828944 -0.625536082679097 0.298397822345406 -0.625632014469634
line 0.298397822345406 -0.625632014469634 0.305940182022437 -0.625653781834935
line 0.305940182022437 -0.625653781834935 0.313446790735754 -0.625602431384377
line 0.313446790735754 -0.625602431384377 0.320917284487064 -0.625478993691573
line 0.320917284487064 -0.625478993691573 0.328351315735911 -0.625284483504834
line 0.328351315735911 -0.625284483504834 0.335748552757273 -0.625019899961378
line 0.335748552757273 -0.625019899961378 0.343108679023911 -0.624686226804624
line 0.343108679023911 -0.624686226804624 0.350431392612574 -0.62428443260397
line 0.350431392612574 -0.62428443260397 0.357716405633114 -0.623815470976508
line 0.357716405633114 -0.623815470976508 0.364963443679675 -0.623280280810149
line 0.364963443679675 -0.623280280810149 0.372172245303075 -0.622679786487714
line 0.372172245303075 -0.622679786487714 0.379342561503598 -0.622014898111563
line 0.379342561503598 -0.622014898111563 0.386474155243376 -0.621286511728356
line 0.386474155243376 -0.621286511728356 0.393566800977628 -0.620495509553623
line 0.393566800977628 -0.620495509553623 0.400620284204006 -0.619642760195806
line 0.400620284204006 -0.619642760195806 0.407634401029349 -0.618729118879477
line 0.407634401029349 -0.618729118879477 0.414608957753167 -0.61775542766749
line 0.414608957753167 -0.61775542766749 0.42154377046719 -0.616722515681809
line 0.42154377046719 -0.616722515681809 0.428438664670369 -0.615631199322811
line 0.428438664670369 -0.615631199322811 0.435293474898701 -0.614482282486864
line 0.435293474898701 -0.614482282486864 0.442108044369318 -0.613276556782018
line 0.442108044369318 -0.613276556782018 0.448882224638255 -0.612014801741644
line 0.448882224638255 -0.612014801741644 0.455615875271382 -0.610697785035896
line 0.455615875271382 -0.610697785035896 0.462308863527956 -0.609326262680869
line 0.462308863527956 -0.609326262680869 0.468961064056321 -0.607900979245349
line 0.468961064056321 -0.607900979245349 0.475572358601254 -0.606422668055065
line 0.475572358601254 -0.606422668055065 0.48214263572251 -0.604892051394362
line 0.48214263572251 -0.604892051394362 0.488671790524127 -0.603309840705225
line 0.488671790524127 -0.603309840705225 0.495159724394053 -0.601676736783603
line 0.495159724394053 -0.601676736783603 0.5016063447537 -0.599993429972973
line 0.5016063447537 -0.599993429972973 0.508011564817026 -0.598260600355116
line 0.508011564817026 -0.598260600355116 0.514375303358779 -0.596478917938072
line 0.514375303358779 -0.596478917938072 0.52069748449153 -0.594649042841239
line 0.52069748449153 -0.594649042841239 0.526978037451155 -0.59277162547762
line 0.526978037451155 -0.59277162547762 0.533216896390437 -0.590847306733182
line 0.533216896390437 -0.590847306733182 0.539414000180468 -0.588876718143344
line 0.539414000180468 -0.588876718143344 0.545569292219531 -0.58686048206658
line 0.545569292219531 -0.58686048206658 0.551682720249194 -0.58479921185515
line 0.551682720249194 -0.58479921185515 0.55775423617731 -0.582693512022955
line 0.55775423617731 -0.582693512022955 0.563783795907667 -0.58054397841055
line 0.563783795907667 -0.58054397841055 0.569771359176022 -0.578351198347309
line 0.569771359176022 -0.578351198347309 0.575716889392272 -0.576115750810773
line 0.575716889392272 -0.576115750810773 0.58162035348852 -0.573838206583207
line 0.58162035348852 -0.573838206583207 0.587481721772814 -0.571519128405372
line 0.587481721772814 -0.571519128405372 0.593300967788328 -0.569159071127562
line 0.593300967788328 -0.569159071127562 0.599078068177782 -0.566758581857923
line 0.599078068177782 -0.566758581857923 0.604813002552895 -0.564318200108074
line 0.604813002552895 -0.564318200108074 0.610505753368675 -0.561838457936092
line 0.610505753368675 -0.561838457936092 0.616156305802365 -0.559319880086856
line 0.616156305802365 -0.559319880086856 0.621764647636856 -0.556762984129823
line 0.621764647636856 -0.556762984129823 0.627330769148405 -0.554168280594238
line 0.627330769148405 -0.554168280594238 0.632854662998484 -0.551536273101835
line 0.632854662998484 -0.551536273101835 0.638336324129611 -0.54886745849707
line 0.638336324129611 -0.54886745849707 0.643775749664998 -0.546162326974896
line 0.643775749664998 -0.546162326974896 0.649172938811885 -0.543421362206154
line 0.649172938811885 -0.543421362206154 0.654527892768404 -0.54064504146059
line 0.654527892768404 -0.54064504146059 0.659840614633855 -0.537833835727556
line 0.659840614633855 -0.537833835727556 0.665111109322247 -0.534988209834425
line 0.665111109322247 -0.534988209834425 0.670339383478995 -0.532108622562754
line 0.670339383478995 -0.532108622562754 0.675525445400643 -0.529195526762254
line 0.675525445400643 -0.529195526762254 0.680669304957506 -0.526249369462579
line 0.680669304957506 -0.526249369462579 0.685770973519116 -0.523270591983001
line 0.685770973519116 -0.523270591983001 0.690830463882371 -0.520259630039985
line 0.690830463882371 -0.520259630039985 0.695847790202276 -0.517216913852725
line 0.695847790202276 -0.517216913852725 0.700822967925194 -0.514142868246658
line 0.700822967925194 -0.514142868246658 0.7057560137245 -0.511037912755013
line 0.7057560137245 -0.511037912755013 0.710646945438549 -0.507902461718426
line 0.710646945438549 -0.507902461718426 0.715495782010885 -0.504736924382647
line 0.715495782010885 -0.504736924382647 0.720302543432588 -0.501541704994402
line 0.720302543432588 -0.501541704994402 0.725067250686695 -0.498317202895421
line 0.725067250686695 -0.498317202895421 0.729789925694614 -0.495063812614679
line 0.729789925694614 -0.495063812614679 0.73447059126445 -0.491781923958896
line 0.73447059126445 -0.491781923958896 0.739109271041184 -0.488471922101311
line 0.739109271041184 -0.488471922101311 0.743705989458628 -0.485134187668776
line 0.743705989458628 -0.485134187668776 0.748260771693091 -0.481769096827216
line 0.748260771693091 -0.481769096827216 0.752773643618706 -0.478377021365461
line 0.752773643618706 -0.478377021365461 0.757244631764332 -0.474958328777509
line 0.757244631764332 -0.474958328777509 0.761673763272003 -0.471513382343242
line 0.761673763272003 -0.471513382343242 0.766061065856839 -0.468042541207628
line 0.766061065856839 -0.468042541207628 0.77040656776839 -0.464546160458439
line 0.77040656776839 -0.464546160458439 0.774710297753346 -0.461024591202528
line 0.774710297753346 -0.461024591202528 0.778972285019566 -0.457478180640674
line 0.778972285019566 -0.457478180640674 0.783192559201384 -0.45390727214105
line 0.783192559201384 -0.45390727214105 0.787371150326137 -0.450312205311326
line 0.787371150326137 -0.450312205311326 0.79150808878188 -0.446693316069444
line 0.79150808878188 -0.446693316069444 0.795603405286233 -0.44305093671309
line 0.795603405286233 -0.44305093671309 0.799657130856339 -0.439385395987897
line 0.799657130856339 -0.439385395987897 0.803669296779869 -0.435697019154401
line 0.803669296779869 -0.435697019154401 0.807639934587055 -0.431986128053776
line 0.807639934587055 -0.431986128053776 0.811569076023702 -0.428253041172384
line 0.811569076023702 -0.428253041172384 0.81545675302516 -0.424498073705157
line 0.81545675302516 -0.424498073705157 0.819302997691197 -0.420721537617834
line 0.819302997691197 -0.420721537617834 0.823107842261767 -0.416923741708093
line 0.823107842261767 -0.416923741708093 0.826871319093621 -0.413104991665588
line 0.826871319093621 -0.413104991665588 0.830593460637746 -0.409265590130921
line 0.830593460637746 -0.409265590130921 0.83427429941759 -0.405405836753571
line 0.83427429941759 -0.405405836753571 0.837913868008055 -0.401526028248807
line 0.837913868008055 -0.401526028248807 0.841512199015222 -0.397626458453604
line 0.841512199015222 -0.397626458453604 0.845069325056797 -0.393707418381584
line 0.845069325056797 -0.393707418381584 0.848585278743229 -0.389769196277006
line 0.848585278743229 -0.389769196277006 0.852060092659502 -0.385812077667826
line 0.852060092659502 -0.385812077667826 0.855493799347555 -0.381836345417851
line 0.855493799347555 -0.381836345417851 0.858886431289328 -0.377842279777993
line 0.858886431289328 -0.377842279777993 0.862238020890396 -0.373830158436667
line 0.862238020890396 -0.373830158436667 0.865548600464176 -0.369800256569336
line 0.865548600464176 -0.369800256569336 0.868818202216692 -0.365752846887221
line 0.868818202216692 -0.365752846887221 0.87204685823187 -0.361688199685204
line 0.87204685823187 -0.361688199685204 0.875234600457353 -0.357606582888945
line 0.875234600457353 -0.357606582888945 0.878381460690808 -0.353508262101212
line 0.878381460690808 -0.353508262101212 0.881487470566717 -0.349393500647464
line 0.881487470566717 -0.349393500647464 0.884552661543633 -0.345262559620695
line 0.884552661543633 -0.345262559620695 0.88757706489188 -0.341115697925551
line 0.88757706489188 -0.341115697925551 0.890560711681686 -0.336953172321747
line 0.890560711681686 -0.336953172321747 0.893503632771735 -0.332775237466792
line 0.893503632771735 -0.332775237466792 0.896405858798119 -0.328582145958042
line 0.896405858798119 -0.328582145958042 0.899267420163683 -0.3243741483741
line 0.899267420163683 -0.3243741483741 0.902088347027739 -0.320151493315567
line 0.902088347027739 -0.320151493315567 0.90486866929615 -0.315914427445174
line 0.90486866929615 -0.315914427445174 0.907608416611758 -0.311663195527298
line 0.907608416611758 -0.311663195527298 0.910307618345152 -0.307398040466883
line 0.910307618345152 -0.307398040466883 0.912966303585767 -0.303119203347777
line 0.912966303585767 -0.303119203347777 0.915584501133288 -0.2988269234705
line 0.915584501133288 -0.2988269234705 0.91816223948937 -0.294521438389458
line 0.91816223948937 -0.294521438389458 0.920699546849644 -0.290202983949614
line 0.920699546849644 -0.290202983949614 0.923196451096013 -0.285871794322631
line 0.923196451096013 -0.285871794322631 0.925652979789215 -0.281528102042496
line 0.925652979789215 -0.281528102042496 0.928069160161661 -0.277172138040647
line 0.928069160161661 -0.277172138040647 0.93044501911052 -0.272804131680603
line 0.93044501911052 -0.272804131680603 0.932780583191059 -0.268424310792118
line 0.932780583191059 -0.268424310792118 0.935075878610215 -0.264032901704867
line 0.935075878610215 -0.264032901704867 0.937330931220403 -0.259630129281681
line 0.937330931220403 -0.259630129281681 0.939545766513548 -0.255216216951327
line 0.939545766513548 -0.255216216951327 0.94172040961533 -0.25079138674087
line 0.94172040961533 -0.25079138674087 0.943854885279637 -0.246355859307606
line 0.943854885279637 -0.246355859307606 0.945949217883222 -0.241909853970578
line 0.945949217883222 -0.241909853970578 0.948003431420556 -0.237453588741708
line 0.948003431420556 -0.237453588741708 0.950017549498866 -0.232987280356523
line 0.950017549498866 -0.232987280356523 0.951991595333353 -0.228511144304513
line 0.951991595333353 -0.228511144304513 0.953925591742599 -0.224025394859113
line 0.953925591742599 -0.224025394859113 0.955819561144127 -0.21953024510733
line 0.955819561144127 -0.21953024510733 0.957673525550138 -0.215025906979014
line 0.957673525550138 -0.215025906979014 0.959487506563401 -0.2105125912758
line 0.959487506563401 -0.2105125912758 0.961261525373303 -0.205990507699705
line 0.961261525373303 -0.205990507699705 0.962995602752042 -0.201459864881416
line 0.962995602752042 -0.201459864881416 0.964689759050969 -0.196920870408259
line 0.964689759050969 -0.196920870408259 0.966344014197066 -0.192373730851862
line 0.966344014197066 -0.192373730851862 0.967958387689564 -0.187818651795534
line 0.967958387689564 -0.187818651795534 0.969532898596685 -0.183255837861344
line 0.969532898596685 -0.183255837861344 0.971067565552521 -0.178685492736933
line 0.971067565552521 -0.178685492736933 0.972562406754022 -0.174107819202051
line 0.972562406754022 -0.174107819202051 0.974017439958119 -0.169523019154836
line 0.974017439958119 -0.169523019154836 0.975432682478949 -0.16493129363784
line 0.975432682478949 -0.16493129363784 0.976808151185196 -0.160332842863805
line 0.976808151185196 -0.160332842863805 0.978143862497547 -0.155727866241212
line 0.978143862497547 -0.155727866241212 0.979439832386241 -0.151116562399589
line 0.979439832386241 -0.151116562399589 0.98069607636873 -0.146499129214607
line 0.98069607636873 -0.146499129214607 0.981912609507437 -0.141875763832957
line 0.981912609507437 -0.141875763832957 0.983089446407602 -0.137246662697021
line 0.983089446407602 -0.137246662697021 0.984226601215235 -0.132612021569349
line 0.984226601215235 -0.132612021569349 0.985324087615148 -0.12797203555693
line 0.985324087615148 -0.12797203555693 0.98638191882908 -0.123326899135299
line 0.98638191882908 -0.123326899135299 0.98740010761391 -0.118676806172449
line 0.98740010761391 -0.118676806172449 0.988378666259946 -0.114021949952578
line 0.988378666259946 -0.114021949952578 0.989317606589306 -0.109362523199678
line 0.989317606589306 -0.109362523199678 0.990216939954366 -0.104698718100955
line 0.990216939954366 -0.104698718100955 0.991076677236294 -0.100030726330114
line 0.991076677236294 -0.100030726330114 0.991896828843656 -0.0953587390704862
line 0.991896828843656 -0.0953587390704862 0.992677404711096 -0.0906829470380302
line 0.992677404711096 -0.0906829470380302 0.993418414298084 -0.0860035405041971
line 0.993418414298084 -0.0860035405041971 0.994119866587741 -0.0813207093186741
line 0.994119866587741 -0.0813207093186741 0.994781770085729 -0.0766346429320112
line 0.994781770085729 -0.0766346429320112 0.995404132819202 -0.0719455304181368
line 0.995404132819202 -0.0719455304181368 0.995986962335834 -0.0672535604967684
line 0.995986962335834 -0.0672535604967684 0.996530265702906 -0.0625589215557266
line 0.996530265702906 -0.0625589215557266 0.997034049506449 -0.0578618016731559
line 0.997034049506449 -0.0578618016731559 0.997498319850465 -0.053162388639661
line 0.997498319850465 -0.053162388639661 0.997923082356193 -0.0484608699803633
line 0.997923082356193 -0.0484608699803633 0.998308342161445 -0.0437574329768843
line 0.998308342161445 -0.0437574329768843 0.998654103919998 -0.039052264689262
line 0.998654103919998 -0.039052264689262 0.998960371801046 -0.0343455519778058
line 0.998960371801046 -0.0343455519778058 0.999227149488706 -0.0296374815248974
line 0.999227149488706 -0.0296374815248974 0.999454440181584 -0.0249282398567419
line 0.999454440181584 -0.0249282398567419 0.999642246592399 -0.0202180133650764
line 0.999642246592399 -0.0202180133650764 0.999790570947657 -0.0155069883288416
line 0.999790570947657 -0.0155069883288416 0.999899414987391 -0.0107953509358226
line 0.999899414987391 -0.0107953509358226 0.999968779964943 -0.00608328730426459
line 0.999968779964943 -0.00608328730426459 0.999998666646811 -0.00137098350446913
line 0.999998666646811 -0.00137098350446913 0.999989075312547 0.00334137441962184
