#x -1.5 1.5 y -1.5 1.5
#cs 0.8
line 0.000000e+00 9.966719e-01 9.999955e-03 9.966220e-01
line 9.999955e-03 9.966220e-01 1.999891e-02 9.964726e-01
line 1.999891e-02 9.964726e-01 2.999586e-02 9.962234e-01
line 2.999586e-02 9.962234e-01 3.998982e-02 9.958746e-01
line 3.998982e-02 9.958746e-01 4.997978e-02 9.954263e-01
line 4.997978e-02 9.954263e-01 5.996473e-02 9.948784e-01
line 5.996473e-02 9.948784e-01 6.994370e-02 9.942310e-01
line 6.994370e-02 9.942310e-01 7.991566e-02 9.934842e-01
line 7.991566e-02 9.934842e-01 8.987964e-02 9.926381e-01
line 8.987964e-02 9.926381e-01 9.983463e-02 9.916927e-01
line 9.983463e-02 9.916927e-01 1.097796e-01 9.906481e-01
line 1.097796e-01 9.906481e-01 1.197137e-01 9.895044e-01
line 1.197137e-01 9.895044e-01 1.296357e-01 9.882619e-01
line 1.296357e-01 9.882619e-01 1.395448e-01 9.869204e-01
line 1.395448e-01 9.869204e-01 1.494399e-01 9.854803e-01
line 1.494399e-01 9.854803e-01 1.593201e-01 9.839417e-01
line 1.593201e-01 9.839417e-01 1.691844e-01 9.823046e-01
line 1.691844e-01 9.823046e-01 1.790317e-01 9.805693e-01
line 1.790317e-01 9.805693e-01 1.888612e-01 9.787360e-01
line 1.888612e-01 9.787360e-01 1.986717e-01 9.768048e-01
line 1.986717e-01 9.768048e-01 2.084624e-01 9.747759e-01
line 2.084624e-01 9.747759e-01 2.182323e-01 9.726495e-01
line 2.182323e-01 9.726495e-01 2.279803e-01 9.704259e-01
line 2.279803e-01 9.704259e-01 2.377055e-01 9.681052e-01
line 2.377055e-01 9.681052e-01 2.474070e-01 9.656878e-01
line 2.474070e-01 9.656878e-01 2.570837e-01 9.631737e-01
line 2.570837e-01 9.631737e-01 2.667347e-01 9.605634e-01
line 2.667347e-01 9.605634e-01 2.763590e-01 9.578569e-01
line 2.763590e-01 9.578569e-01 2.859557e-01 9.550547e-01
line 2.859557e-01 9.550547e-01 2.955238e-01 9.521570e-01
line 2.955238e-01 9.521570e-01 3.050623e-01 9.491641e-01
line 3.050623e-01 9.491641e-01 3.145704e-01 9.460762e-01
line 3.145704e-01 9.460762e-01 3.240470e-01 9.428938e-01
line 3.240470e-01 9.428938e-01 3.334911e-01 9.396171e-01
line 3.334911e-01 9.396171e-01 3.429020e-01 9.362464e-01
line 3.429020e-01 9.362464e-01 3.522785e-01 9.327820e-01
line 3.522785e-01 9.327820e-01 3.616198e-01 9.292244e-01
line 3.616198e-01 9.292244e-01 3.709250e-01 9.255739e-01
line 3.709250e-01 9.255739e-01 3.801930e-01 9.218309e-01
line 3.801930e-01 9.218309e-01 3.894231e-01 9.179956e-01
line 3.894231e-01 9.179956e-01 3.986142e-01 9.140685e-01
line 3.986142e-01 9.140685e-01 4.077654e-01 9.100501e-01
line 4.077654e-01 9.100501e-01 4.168759e-01 9.059406e-01
line 4.168759e-01 9.059406e-01 4.259446e-01 9.017405e-01
line 4.259446e-01 9.017405e-01 4.349708e-01 8.974503e-01
line 4.349708e-01 8.974503e-01 4.439535e-01 8.930703e-01
line 4.439535e-01 8.930703e-01 4.528918e-01 8.886010e-01
line 4.528918e-01 8.886010e-01 4.617848e-01 8.840429e-01
line 4.617848e-01 8.840429e-01 4.706316e-01 8.793963e-01
line 4.706316e-01 8.793963e-01 4.794314e-01 8.746619e-01
line 4.794314e-01 8.746619e-01 4.881832e-01 8.698399e-01
line 4.881832e-01 8.698399e-01 4.968862e-01 8.649310e-01
line 4.968862e-01 8.649310e-01 5.055395e-01 8.599355e-01
line 5.055395e-01 8.599355e-01 5.141422e-01 8.548541e-01
line 5.141422e-01 8.548541e-01 5.226936e-01 8.496872e-01
line 5.226936e-01 8.496872e-01 5.311926e-01 8.444353e-01
line 5.311926e-01 8.444353e-01 5.396386e-01 8.390990e-01
line 5.396386e-01 8.390990e-01 5.480306e-01 8.336788e-01
line 5.480306e-01 8.336788e-01 5.563678e-01 8.281752e-01
line 5.563678e-01 8.281752e-01 5.646493e-01 8.225888e-01
line 5.646493e-01 8.225888e-01 5.728744e-01 8.169201e-01
line 5.728744e-01 8.169201e-01 5.810422e-01 8.111698e-01
line 5.810422e-01 8.111698e-01 5.891519e-01 8.053383e-01
line 5.891519e-01 8.053383e-01 5.972027e-01 7.994263e-01
line 5.972027e-01 7.994263e-01 6.051937e-01 7.934343e-01
line 6.051937e-01 7.934343e-01 6.131243e-01 7.873630e-01
line 6.131243e-01 7.873630e-01 6.209935e-01 7.812130e-01
line 6.209935e-01 7.812130e-01 6.288006e-01 7.749849e-01
line 6.288006e-01 7.749849e-01 6.365449e-01 7.686792e-01
line 6.365449e-01 7.686792e-01 6.442255e-01 7.622967e-01
line 6.442255e-01 7.622967e-01 6.518417e-01 7.558380e-01
line 6.518417e-01 7.558380e-01 6.593927e-01 7.493036e-01
line 6.593927e-01 7.493036e-01 6.668777e-01 7.426944e-01
line 6.668777e-01 7.426944e-01 6.742961e-01 7.360108e-01
line 6.742961e-01 7.360108e-01 6.816470e-01 7.292537e-01
line 6.816470e-01 7.292537e-01 6.889298e-01 7.224237e-01
line 6.889298e-01 7.224237e-01 6.961437e-01 7.155214e-01
line 6.961437e-01 7.155214e-01 7.032879e-01 7.085475e-01
line 7.032879e-01 7.085475e-01 7.103619e-01 7.015028e-01
line 7.103619e-01 7.015028e-01 7.173648e-01 6.943880e-01
line 7.173648e-01 6.943880e-01 7.242960e-01 6.872037e-01
line 7.242960e-01 6.872037e-01 7.311547e-01 6.799507e-01
line 7.311547e-01 6.799507e-01 7.379403e-01 6.726297e-01
line 7.379403e-01 6.726297e-01 7.446522e-01 6.652414e-01
line 7.446522e-01 6.652414e-01 7.512895e-01 6.577866e-01
line 7.512895e-01 6.577866e-01 7.578518e-01 6.502661e-01
line 7.578518e-01 6.502661e-01 7.643382e-01 6.426805e-01
line 7.643382e-01 6.426805e-01 7.707482e-01 6.350306e-01
line 7.707482e-01 6.350306e-01 7.770812e-01 6.273173e-01
line 7.770812e-01 6.273173e-01 7.833364e-01 6.195412e-01
line 7.833364e-01 6.195412e-01 7.895133e-01 6.117031e-01
line 7.895133e-01 6.117031e-01 7.956113e-01 6.038039e-01
line 7.956113e-01 6.038039e-01 8.016297e-01 5.958443e-01
line 8.016297e-01 5.958443e-01 8.075679e-01 5.878251e-01
line 8.075679e-01 5.878251e-01 8.134254e-01 5.797472e-01
line 8.134254e-01 5.797472e-01 8.192015e-01 5.716112e-01
line 8.192015e-01 5.716112e-01 8.248957e-01 5.634181e-01
line 8.248957e-01 5.634181e-01 8.305074e-01 5.551687e-01
line 8.305074e-01 5.551687e-01 8.360361e-01 5.468638e-01
line 8.360361e-01 5.468638e-01 8.414812e-01 5.385041e-01
line 8.414812e-01 5.385041e-01 8.468421e-01 5.300906e-01
line 8.468421e-01 5.300906e-01 8.521184e-01 5.216241e-01
line 8.521184e-01 5.216241e-01 8.573094e-01 5.131055e-01
line 8.573094e-01 5.131055e-01 8.624147e-01 5.045355e-01
line 8.624147e-01 5.045355e-01 8.674337e-01 4.959151e-01
line 8.674337e-01 4.959151e-01 8.723661e-01 4.872451e-01
line 8.723661e-01 4.872451e-01 8.772111e-01 4.785263e-01
line 8.772111e-01 4.785263e-01 8.819685e-01 4.697597e-01
line 8.819685e-01 4.697597e-01 8.866377e-01 4.609462e-01
line 8.866377e-01 4.609462e-01 8.912182e-01 4.520865e-01
line 8.912182e-01 4.520865e-01 8.957095e-01 4.431816e-01
line 8.957095e-01 4.431816e-01 9.001114e-01 4.342324e-01
line 9.001114e-01 4.342324e-01 9.044232e-01 4.252398e-01
line 9.044232e-01 4.252398e-01 9.086445e-01 4.162047e-01
line 9.086445e-01 4.162047e-01 9.127750e-01 4.071279e-01
line 9.127750e-01 4.071279e-01 9.168142e-01 3.980105e-01
line 9.168142e-01 3.980105e-01 9.207618e-01 3.888532e-01
line 9.207618e-01 3.888532e-01 9.246172e-01 3.796571e-01
line 9.246172e-01 3.796571e-01 9.283802e-01 3.704229e-01
line 9.283802e-01 3.704229e-01 9.320504e-01 3.611518e-01
line 9.320504e-01 3.611518e-01 9.356273e-01 3.518445e-01
line 9.356273e-01 3.518445e-01 9.391107e-01 3.425021e-01
line 9.391107e-01 3.425021e-01 9.425002e-01 3.331253e-01
line 9.425002e-01 3.331253e-01 9.457955e-01 3.237153e-01
line 9.457955e-01 3.237153e-01 9.489961e-01 3.142729e-01
line 9.489961e-01 3.142729e-01 9.521019e-01 3.047991e-01
line 9.521019e-01 3.047991e-01 9.551124e-01 2.952948e-01
line 9.551124e-01 2.952948e-01 9.580275e-01 2.857610e-01
line 9.580275e-01 2.857610e-01 9.608467e-01 2.761986e-01
line 9.608467e-01 2.761986e-01 9.635699e-01 2.666086e-01
line 9.635699e-01 2.666086e-01 9.661967e-01 2.569919e-01
line 9.661967e-01 2.569919e-01 9.687268e-01 2.473495e-01
line 9.687268e-01 2.473495e-01 9.711602e-01 2.376824e-01
line 9.711602e-01 2.376824e-01 9.734963e-01 2.279915e-01
line 9.734963e-01 2.279915e-01 9.757352e-01 2.182778e-01
line 9.757352e-01 2.182778e-01 9.778765e-01 2.085423e-01
line 9.778765e-01 2.085423e-01 9.799199e-01 1.987859e-01
line 9.799199e-01 1.987859e-01 9.818654e-01 1.890097e-01
line 9.818654e-01 1.890097e-01 9.837127e-01 1.792145e-01
line 9.837127e-01 1.792145e-01 9.854617e-01 1.694015e-01
line 9.854617e-01 1.694015e-01 9.871121e-01 1.595715e-01
line 9.871121e-01 1.595715e-01 9.886638e-01 1.497255e-01
line 9.886638e-01 1.497255e-01 9.901166e-01 1.398646e-01
line 9.901166e-01 1.398646e-01 9.914704e-01 1.299896e-01
line 9.914704e-01 1.299896e-01 9.927250e-01 1.201017e-01
line 9.927250e-01 1.201017e-01 9.938804e-01 1.102018e-01
line 9.938804e-01 1.102018e-01 9.949364e-01 1.002908e-01
line 9.949364e-01 1.002908e-01 9.958929e-01 9.036986e-02
line 9.958929e-01 9.036986e-02 9.967498e-01 8.043984e-02
line 9.967498e-01 8.043984e-02 9.975071e-01 7.050178e-02
line 9.975071e-01 7.050178e-02 9.981646e-01 6.055667e-02
line 9.981646e-01 6.055667e-02 9.987223e-01 5.060550e-02
line 9.987223e-01 5.060550e-02 9.991801e-01 4.064927e-02
line 9.991801e-01 4.064927e-02 9.995380e-01 3.068898e-02
line 9.995380e-01 3.068898e-02 9.997959e-01 2.072562e-02
line 9.997959e-01 2.072562e-02 9.999538e-01 1.076019e-02
line 9.999538e-01 1.076019e-02 1.000012e+00 7.936764e-04
line 1.000012e+00 7.936764e-04 9.999698e-01 -9.172913e-03
line 9.999698e-01 -9.172913e-03 9.998277e-01 -1.913858e-02
line 9.998277e-01 -1.913858e-02 9.995857e-01 -2.910234e-02
line 9.995857e-01 -2.910234e-02 9.992438e-01 -3.906319e-02
line 9.992438e-01 -3.906319e-02 9.988019e-01 -4.902013e-02
line 9.988019e-01 -4.902013e-02 9.982601e-01 -5.897217e-02
line 9.982601e-01 -5.897217e-02 9.976185e-01 -6.891831e-02
line 9.976185e-01 -6.891831e-02 9.968771e-01 -7.885756e-02
line 9.968771e-01 -7.885756e-02 9.960361e-01 -8.878893e-02
line 9.960361e-01 -8.878893e-02 9.950954e-01 -9.871142e-02
line 9.950954e-01 -9.871142e-02 9.940553e-01 -1.086240e-01
line 9.940553e-01 -1.086240e-01 9.929157e-01 -1.185258e-01
line 9.929157e-01 -1.185258e-01 9.916768e-01 -1.284157e-01
line 9.916768e-01 -1.284157e-01 9.903388e-01 -1.382927e-01
line 9.903388e-01 -1.382927e-01 9.889018e-01 -1.481560e-01
line 9.889018e-01 -1.481560e-01 9.873658e-01 -1.580044e-01
line 9.873658e-01 -1.580044e-01 9.857311e-01 -1.678370e-01
line 9.857311e-01 -1.678370e-01 9.839979e-01 -1.776528e-01
line 9.839979e-01 -1.776528e-01 9.821662e-01 -1.874509e-01
line 9.821662e-01 -1.874509e-01 9.802364e-01 -1.972302e-01
line 9.802364e-01 -1.972302e-01 9.782085e-01 -2.069898e-01
line 9.782085e-01 -2.069898e-01 9.760828e-01 -2.167287e-01
line 9.760828e-01 -2.167287e-01 9.738594e-01 -2.264459e-01
line 9.738594e-01 -2.264459e-01 9.715387e-01 -2.361405e-01
line 9.715387e-01 -2.361405e-01 9.691209e-01 -2.458115e-01
line 9.691209e-01 -2.458115e-01 9.666061e-01 -2.554579e-01
line 9.666061e-01 -2.554579e-01 9.639947e-01 -2.650787e-01
line 9.639947e-01 -2.650787e-01 9.612869e-01 -2.746730e-01
line 9.612869e-01 -2.746730e-01 9.584829e-01 -2.842399e-01
line 9.584829e-01 -2.842399e-01 9.555831e-01 -2.937784e-01
line 9.555831e-01 -2.937784e-01 9.525877e-01 -3.032874e-01
line 9.525877e-01 -3.032874e-01 9.494971e-01 -3.127662e-01
line 9.494971e-01 -3.127662e-01 9.463116e-01 -3.222136e-01
line 9.463116e-01 -3.222136e-01 9.430314e-01 -3.316289e-01
line 9.430314e-01 -3.316289e-01 9.396569e-01 -3.410109e-01
line 9.396569e-01 -3.410109e-01 9.361884e-01 -3.503589e-01
line 9.361884e-01 -3.503589e-01 9.326263e-01 -3.596719e-01
line 9.326263e-01 -3.596719e-01 9.289710e-01 -3.689488e-01
line 9.289710e-01 -3.689488e-01 9.252227e-01 -3.781889e-01
line 9.252227e-01 -3.781889e-01 9.213820e-01 -3.873912e-01
line 9.213820e-01 -3.873912e-01 9.174491e-01 -3.965547e-01
line 9.174491e-01 -3.965547e-01 9.134244e-01 -4.056786e-01
line 9.134244e-01 -4.056786e-01 9.093085e-01 -4.147618e-01
line 9.093085e-01 -4.147618e-01 9.051015e-01 -4.238037e-01
line 9.051015e-01 -4.238037e-01 9.008041e-01 -4.328031e-01
line 9.008041e-01 -4.328031e-01 8.964166e-01 -4.417593e-01
line 8.964166e-01 -4.417593e-01 8.919395e-01 -4.506713e-01
line 8.919395e-01 -4.506713e-01 8.873731e-01 -4.595382e-01
line 8.873731e-01 -4.595382e-01 8.827181e-01 -4.683592e-01
line 8.827181e-01 -4.683592e-01 8.779747e-01 -4.771333e-01
line 8.779747e-01 -4.771333e-01 8.731436e-01 -4.858597e-01
line 8.731436e-01 -4.858597e-01 8.682251e-01 -4.945375e-01
line 8.682251e-01 -4.945375e-01 8.632198e-01 -5.031659e-01
line 8.632198e-01 -5.031659e-01 8.581282e-01 -5.117440e-01
line 8.581282e-01 -5.117440e-01 8.529508e-01 -5.202709e-01
line 8.529508e-01 -5.202709e-01 8.476881e-01 -5.287457e-01
line 8.476881e-01 -5.287457e-01 8.423406e-01 -5.371677e-01
line 8.423406e-01 -5.371677e-01 8.369089e-01 -5.455360e-01
line 8.369089e-01 -5.455360e-01 8.313935e-01 -5.538497e-01
line 8.313935e-01 -5.538497e-01 8.257950e-01 -5.621080e-01
line 8.257950e-01 -5.621080e-01 8.201139e-01 -5.703102e-01
line 8.201139e-01 -5.703102e-01 8.143508e-01 -5.784553e-01
line 8.143508e-01 -5.784553e-01 8.085062e-01 -5.865425e-01
line 8.085062e-01 -5.865425e-01 8.025808e-01 -5.945711e-01
line 8.025808e-01 -5.945711e-01 7.965751e-01 -6.025402e-01
line 7.965751e-01 -6.025402e-01 7.904898e-01 -6.104491e-01
line 7.904898e-01 -6.104491e-01 7.843254e-01 -6.182970e-01
line 7.843254e-01 -6.182970e-01 7.780826e-01 -6.260830e-01
line 7.780826e-01 -6.260830e-01 7.717620e-01 -6.338064e-01
line 7.717620e-01 -6.338064e-01 7.653642e-01 -6.414664e-01
line 7.653642e-01 -6.414664e-01 7.588899e-01 -6.490623e-01
line 7.588899e-01 -6.490623e-01 7.523397e-01 -6.565933e-01
line 7.523397e-01 -6.565933e-01 7.457143e-01 -6.640586e-01
line 7.457143e-01 -6.640586e-01 7.390142e-01 -6.714575e-01
line 7.390142e-01 -6.714575e-01 7.322403e-01 -6.787892e-01
line 7.322403e-01 -6.787892e-01 7.253932e-01 -6.860531e-01
line 7.253932e-01 -6.860531e-01 7.184735e-01 -6.932484e-01
line 7.184735e-01 -6.932484e-01 7.114820e-01 -7.003744e-01
line 7.114820e-01 -7.003744e-01 7.044193e-01 -7.074303e-01
line 7.044193e-01 -7.074303e-01 6.972862e-01 -7.144155e-01
line 6.972862e-01 -7.144155e-01 6.900834e-01 -7.213292e-01
line 6.900834e-01 -7.213292e-01 6.828115e-01 -7.281708e-01
line 6.828115e-01 -7.281708e-01 6.754714e-01 -7.349396e-01
line 6.754714e-01 -7.349396e-01 6.680637e-01 -7.416349e-01
line 6.680637e-01 -7.416349e-01 6.605892e-01 -7.482560e-01
line 6.605892e-01 -7.482560e-01 6.530487e-01 -7.548023e-01
line 6.530487e-01 -7.548023e-01 6.454428e-01 -7.612731e-01
line 6.454428e-01 -7.612731e-01 6.377724e-01 -7.676678e-01
line 6.377724e-01 -7.676678e-01 6.300383e-01 -7.739858e-01
line 6.300383e-01 -7.739858e-01 6.222411e-01 -7.802263e-01
line 6.222411e-01 -7.802263e-01 6.143817e-01 -7.863888e-01
line 6.143817e-01 -7.863888e-01 6.064609e-01 -7.924727e-01
line 6.064609e-01 -7.924727e-01 5.984794e-01 -7.984773e-01
line 5.984794e-01 -7.984773e-01 5.904381e-01 -8.044021e-01
line 5.904381e-01 -8.044021e-01 5.823377e-01 -8.102464e-01
line 5.823377e-01 -8.102464e-01 5.741791e-01 -8.160098e-01
line 5.741791e-01 -8.160098e-01 5.659631e-01 -8.216915e-01
line 5.659631e-01 -8.216915e-01 5.576905e-01 -8.272910e-01
line 5.576905e-01 -8.272910e-01 5.493621e-01 -8.328078e-01
line 5.493621e-01 -8.328078e-01 5.409788e-01 -8.382414e-01
line 5.409788e-01 -8.382414e-01 5.325414e-01 -8.435911e-01
line 5.325414e-01 -8.435911e-01 5.240507e-01 -8.488565e-01
line 5.240507e-01 -8.488565e-01 5.155076e-01 -8.540369e-01
line 5.155076e-01 -8.540369e-01 5.069130e-01 -8.591320e-01
line 5.069130e-01 -8.591320e-01 4.982677e-01 -8.641412e-01
line 4.982677e-01 -8.641412e-01 4.895725e-01 -8.690639e-01
line 4.895725e-01 -8.690639e-01 4.808284e-01 -8.738997e-01
line 4.808284e-01 -8.738997e-01 4.720363e-01 -8.786482e-01
line 4.720363e-01 -8.786482e-01 4.631969e-01 -8.833088e-01
line 4.631969e-01 -8.833088e-01 4.543112e-01 -8.878810e-01
line 4.543112e-01 -8.878810e-01 4.453800e-01 -8.923645e-01
line 4.453800e-01 -8.923645e-01 4.364044e-01 -8.967587e-01
line 4.364044e-01 -8.967587e-01 4.273851e-01 -9.010633e-01
line 4.273851e-01 -9.010633e-01 4.183230e-01 -9.052777e-01
line 4.183230e-01 -9.052777e-01 4.092191e-01 -9.094017e-01
line 4.092191e-01 -9.094017e-01 4.000743e-01 -9.134346e-01
line 4.000743e-01 -9.134346e-01 3.908895e-01 -9.173763e-01
line 3.908895e-01 -9.173763e-01 3.816656e-01 -9.212262e-01
line 3.816656e-01 -9.212262e-01 3.724036e-01 -9.249840e-01
line 3.724036e-01 -9.249840e-01 3.631043e-01 -9.286493e-01
line 3.631043e-01 -9.286493e-01 3.537686e-01 -9.322217e-01
line 3.537686e-01 -9.322217e-01 3.443976e-01 -9.357009e-01
line 3.443976e-01 -9.357009e-01 3.349922e-01 -9.390865e-01
line 3.349922e-01 -9.390865e-01 3.255533e-01 -9.423782e-01
line 3.255533e-01 -9.423782e-01 3.160818e-01 -9.455757e-01
line 3.160818e-01 -9.455757e-01 3.065787e-01 -9.486786e-01
line 3.065787e-01 -9.486786e-01 2.970450e-01 -9.516867e-01
line 2.970450e-01 -9.516867e-01 2.874815e-01 -9.545996e-01
line 2.874815e-01 -9.545996e-01 2.778893e-01 -9.574170e-01
line 2.778893e-01 -9.574170e-01 2.682693e-01 -9.601387e-01
line 2.682693e-01 -9.601387e-01 2.586225e-01 -9.627644e-01
line 2.586225e-01 -9.627644e-01 2.489498e-01 -9.652938e-01
line 2.489498e-01 -9.652938e-01 2.392522e-01 -9.677267e-01
line 2.392522e-01 -9.677267e-01 2.295307e-01 -9.700628e-01
line 2.295307e-01 -9.700628e-01 2.197863e-01 -9.723019e-01
line 2.197863e-01 -9.723019e-01 2.100198e-01 -9.744438e-01
line 2.100198e-01 -9.744438e-01 2.002324e-01 -9.764882e-01
line 2.002324e-01 -9.764882e-01 1.904250e-01 -9.784350e-01
line 1.904250e-01 -9.784350e-01 1.805985e-01 -9.802839e-01
line 1.805985e-01 -9.802839e-01 1.707539e-01 -9.820348e-01
line 1.707539e-01 -9.820348e-01 1.608923e-01 -9.836875e-01
line 1.608923e-01 -9.836875e-01 1.510145e-01 -9.852419e-01
line 1.510145e-01 -9.852419e-01 1.411217e-01 -9.866977e-01
line 1.411217e-01 -9.866977e-01 1.312148e-01 -9.880548e-01
line 1.312148e-01 -9.880548e-01 1.212947e-01 -9.893132e-01
line 1.212947e-01 -9.893132e-01 1.113625e-01 -9.904726e-01
line 1.113625e-01 -9.904726e-01 1.014192e-01 -9.915329e-01
line 1.014192e-01 -9.915329e-01 9.146575e-02 -9.924942e-01
line 9.146575e-02 -9.924942e-01 8.150314e-02 -9.933561e-01
line 8.150314e-02 -9.933561e-01 7.153238e-02 -9.941187e-01
line 7.153238e-02 -9.941187e-01 6.155446e-02 -9.947820e-01
line 6.155446e-02 -9.947820e-01 5.157039e-02 -9.953457e-01
line 5.157039e-02 -9.953457e-01 4.158117e-02 -9.958099e-01
line 4.158117e-02 -9.958099e-01 3.158778e-02 -9.961745e-01
line 3.158778e-02 -9.961745e-01 2.159124e-02 -9.964395e-01
line 2.159124e-02 -9.964395e-01 1.159253e-02 -9.966049e-01
line 1.159253e-02 -9.966049e-01 1.592672e-03 -9.966706e-01
line 1.592672e-03 -9.966706e-01 -8.407349e-03 -9.966367e-01
line -8.407349e-03 -9.966367e-01 -1.840653e-02 -9.965030e-01
line -1.840653e-02 -9.965030e-01 -2.840387e-02 -9.962698e-01
line -2.840387e-02 -9.962698e-01 -3.839837e-02 -9.959369e-01
line -3.839837e-02 -9.959369e-01 -4.838903e-02 -9.955044e-01
line -4.838903e-02 -9.955044e-01 -5.837485e-02 -9.949723e-01
line -5.837485e-02 -9.949723e-01 -6.835484e-02 -9.943408e-01
line -6.835484e-02 -9.943408e-01 -7.832798e-02 -9.936098e-01
line -7.832798e-02 -9.936098e-01 -8.829330e-02 -9.927795e-01
line -8.829330e-02 -9.927795e-01 -9.824979e-02 -9.918499e-01
line -9.824979e-02 -9.918499e-01 -1.081964e-01 -9.908211e-01
line -1.081964e-01 -9.908211e-01 -1.181323e-01 -9.896932e-01
line -1.181323e-01 -9.896932e-01 -1.280563e-01 -9.884664e-01
line -1.280563e-01 -9.884664e-01 -1.379675e-01 -9.871407e-01
line -1.379675e-01 -9.871407e-01 -1.478650e-01 -9.857163e-01
line -1.478650e-01 -9.857163e-01 -1.577476e-01 -9.841933e-01
line -1.577476e-01 -9.841933e-01 -1.676145e-01 -9.825719e-01
line -1.676145e-01 -9.825719e-01 -1.774646e-01 -9.808523e-01
line -1.774646e-01 -9.808523e-01 -1.872969e-01 -9.790346e-01
line -1.872969e-01 -9.790346e-01 -1.971106e-01 -9.771189e-01
line -1.971106e-01 -9.771189e-01 -2.069045e-01 -9.751056e-01
line -2.069045e-01 -9.751056e-01 -2.166777e-01 -9.729947e-01
line -2.166777e-01 -9.729947e-01 -2.264293e-01 -9.707866e-01
line -2.264293e-01 -9.707866e-01 -2.361582e-01 -9.684813e-01
line -2.361582e-01 -9.684813e-01 -2.458635e-01 -9.660793e-01
line -2.458635e-01 -9.660793e-01 -2.555442e-01 -9.635806e-01
line -2.555442e-01 -9.635806e-01 -2.651994e-01 -9.609855e-01
line -2.651994e-01 -9.609855e-01 -2.748280e-01 -9.582944e-01
line -2.748280e-01 -9.582944e-01 -2.844292e-01 -9.555074e-01
line -2.844292e-01 -9.555074e-01 -2.940019e-01 -9.526249e-01
line -2.940019e-01 -9.526249e-01 -3.035452e-01 -9.496471e-01
line -3.035452e-01 -9.496471e-01 -3.130582e-01 -9.465744e-01
line -3.130582e-01 -9.465744e-01 -3.225398e-01 -9.434070e-01
line -3.225398e-01 -9.434070e-01 -3.319892e-01 -9.401452e-01
line -3.319892e-01 -9.401452e-01 -3.414054e-01 -9.367895e-01
line -3.414054e-01 -9.367895e-01 -3.507875e-01 -9.333400e-01
line -3.507875e-01 -9.333400e-01 -3.601345e-01 -9.297973e-01
line -3.601345e-01 -9.297973e-01 -3.694454e-01 -9.261615e-01
line -3.694454e-01 -9.261615e-01 -3.787195e-01 -9.224332e-01
line -3.787195e-01 -9.224332e-01 -3.879556e-01 -9.186126e-01
line -3.879556e-01 -9.186126e-01 -3.971530e-01 -9.147001e-01
line -3.971530e-01 -9.147001e-01 -4.063106e-01 -9.106962e-01
line -4.063106e-01 -9.106962e-01 -4.154276e-01 -9.066012e-01
line -4.154276e-01 -9.066012e-01 -4.245031e-01 -9.024155e-01
line -4.245031e-01 -9.024155e-01 -4.335361e-01 -8.981396e-01
line -4.335361e-01 -8.981396e-01 -4.425258e-01 -8.937739e-01
line -4.425258e-01 -8.937739e-01 -4.514712e-01 -8.893188e-01
line -4.514712e-01 -8.893188e-01 -4.603715e-01 -8.847748e-01
line -4.603715e-01 -8.847748e-01 -4.692257e-01 -8.801423e-01
line -4.692257e-01 -8.801423e-01 -4.780330e-01 -8.754218e-01
line -4.780330e-01 -8.754218e-01 -4.867926e-01 -8.706137e-01
line -4.867926e-01 -8.706137e-01 -4.955034e-01 -8.657186e-01
line -4.955034e-01 -8.657186e-01 -5.041647e-01 -8.607369e-01
line -5.041647e-01 -8.607369e-01 -5.127755e-01 -8.556692e-01
line -5.127755e-01 -8.556692e-01 -5.213351e-01 -8.505158e-01
line -5.213351e-01 -8.505158e-01 -5.298426e-01 -8.452775e-01
line -5.298426e-01 -8.452775e-01 -5.382970e-01 -8.399545e-01
line -5.382970e-01 -8.399545e-01 -5.466977e-01 -8.345477e-01
line -5.466977e-01 -8.345477e-01 -5.550436e-01 -8.290573e-01
line -5.550436e-01 -8.290573e-01 -5.633341e-01 -8.234840e-01
line -5.633341e-01 -8.234840e-01 -5.715683e-01 -8.178284e-01
line -5.715683e-01 -8.178284e-01 -5.797452e-01 -8.120910e-01
line -5.797452e-01 -8.120910e-01 -5.878642e-01 -8.062725e-01
line -5.878642e-01 -8.062725e-01 -5.959245e-01 -8.003732e-01
line -5.959245e-01 -8.003732e-01 -6.039251e-01 -7.943940e-01
line -6.039251e-01 -7.943940e-01 -6.118653e-01 -7.883353e-01
line -6.118653e-01 -7.883353e-01 -6.197444e-01 -7.821977e-01
line -6.197444e-01 -7.821977e-01 -6.275614e-01 -7.759820e-01
line -6.275614e-01 -7.759820e-01 -6.353158e-01 -7.696886e-01
line -6.353158e-01 -7.696886e-01 -6.430065e-01 -7.633183e-01
line -6.430065e-01 -7.633183e-01 -6.506330e-01 -7.568717e-01
line -6.506330e-01 -7.568717e-01 -6.581945e-01 -7.503494e-01
line -6.581945e-01 -7.503494e-01 -6.656901e-01 -7.437520e-01
line -6.656901e-01 -7.437520e-01 -6.731191e-01 -7.370802e-01
line -6.731191e-01 -7.370802e-01 -6.804808e-01 -7.303348e-01
line -6.804808e-01 -7.303348e-01 -6.877745e-01 -7.235163e-01
line -6.877745e-01 -7.235163e-01 -6.949994e-01 -7.166255e-01
line -6.949994e-01 -7.166255e-01 -7.021548e-01 -7.096630e-01
line -7.021548e-01 -7.096630e-01 -7.092400e-01 -7.026295e-01
line -7.092400e-01 -7.026295e-01 -7.162543e-01 -6.955258e-01
line -7.162543e-01 -6.955258e-01 -7.231969e-01 -6.883525e-01
line -7.231969e-01 -6.883525e-01 -7.300672e-01 -6.811104e-01
line -7.300672e-01 -6.811104e-01 -7.368645e-01 -6.738002e-01
line -7.368645e-01 -6.738002e-01 -7.435882e-01 -6.664226e-01
line -7.435882e-01 -6.664226e-01 -7.502374e-01 -6.589784e-01
line -7.502374e-01 -6.589784e-01 -7.568117e-01 -6.514682e-01
line -7.568117e-01 -6.514682e-01 -7.633102e-01 -6.438929e-01
line -7.633102e-01 -6.438929e-01 -7.697325e-01 -6.362533e-01
line -7.697325e-01 -6.362533e-01 -7.760777e-01 -6.285500e-01
line -7.760777e-01 -6.285500e-01 -7.823454e-01 -6.207838e-01
line -7.823454e-01 -6.207838e-01 -7.885348e-01 -6.129556e-01
line -7.885348e-01 -6.129556e-01 -7.946454e-01 -6.050660e-01
line -7.946454e-01 -6.050660e-01 -8.006765e-01 -5.971160e-01
line -8.006765e-01 -5.971160e-01 -8.066275e-01 -5.891063e-01
line -8.066275e-01 -5.891063e-01 -8.124979e-01 -5.810376e-01
line -8.124979e-01 -5.810376e-01 -8.182870e-01 -5.729109e-01
line -8.182870e-01 -5.729109e-01 -8.239943e-01 -5.647268e-01
line -8.239943e-01 -5.647268e-01 -8.296192e-01 -5.564863e-01
line -8.296192e-01 -5.564863e-01 -8.351612e-01 -5.481901e-01
line -8.351612e-01 -5.481901e-01 -8.406196e-01 -5.398391e-01
line -8.406196e-01 -5.398391e-01 -8.459940e-01 -5.314342e-01
line -8.459940e-01 -5.314342e-01 -8.512837e-01 -5.229761e-01
line -8.512837e-01 -5.229761e-01 -8.564884e-01 -5.144657e-01
line -8.564884e-01 -5.144657e-01 -8.616073e-01 -5.059038e-01
line -8.616073e-01 -5.059038e-01 -8.666402e-01 -4.972913e-01
line -8.666402e-01 -4.972913e-01 -8.715863e-01 -4.886292e-01
line -8.715863e-01 -4.886292e-01 -8.764453e-01 -4.799181e-01
line -8.764453e-01 -4.799181e-01 -8.812167e-01 -4.711591e-01
line -8.812167e-01 -4.711591e-01 -8.859000e-01 -4.623530e-01
line -8.859000e-01 -4.623530e-01 -8.904946e-01 -4.535006e-01
line -8.904946e-01 -4.535006e-01 -8.950002e-01 -4.446029e-01
line -8.950002e-01 -4.446029e-01 -8.994163e-01 -4.356607e-01
line -8.994163e-01 -4.356607e-01 -9.037425e-01 -4.266749e-01
line -9.037425e-01 -4.266749e-01 -9.079783e-01 -4.176465e-01
line -9.079783e-01 -4.176465e-01 -9.121233e-01 -4.085763e-01
line -9.121233e-01 -4.085763e-01 -9.161770e-01 -3.994653e-01
line -9.161770e-01 -3.994653e-01 -9.201392e-01 -3.903143e-01
line -9.201392e-01 -3.903143e-01 -9.240094e-01 -3.811243e-01
line -9.240094e-01 -3.811243e-01 -9.277871e-01 -3.718961e-01
line -9.277871e-01 -3.718961e-01 -9.314721e-01 -3.626308e-01
line -9.314721e-01 -3.626308e-01 -9.350639e-01 -3.533292e-01
line -9.350639e-01 -3.533292e-01 -9.385622e-01 -3.439923e-01
line -9.385622e-01 -3.439923e-01 -9.419667e-01 -3.346210e-01
line -9.419667e-01 -3.346210e-01 -9.452770e-01 -3.252162e-01
line -9.452770e-01 -3.252162e-01 -9.484927e-01 -3.157789e-01
line -9.484927e-01 -3.157789e-01 -9.516136e-01 -3.063100e-01
line -9.516136e-01 -3.063100e-01 -9.546393e-01 -2.968105e-01
line -9.546393e-01 -2.968105e-01 -9.575696e-01 -2.872813e-01
line -9.575696e-01 -2.872813e-01 -9.604041e-01 -2.777234e-01
line -9.604041e-01 -2.777234e-01 -9.631426e-01 -2.681377e-01
line -9.631426e-01 -2.681377e-01 -9.657848e-01 -2.585252e-01
line -9.657848e-01 -2.585252e-01 -9.683304e-01 -2.488869e-01
line -9.683304e-01 -2.488869e-01 -9.707791e-01 -2.392236e-01
line -9.707791e-01 -2.392236e-01 -9.731308e-01 -2.295365e-01
line -9.731308e-01 -2.295365e-01 -9.753851e-01 -2.198263e-01
line -9.753851e-01 -2.198263e-01 -9.775420e-01 -2.100942e-01
line -9.775420e-01 -2.100942e-01 -9.796010e-01 -2.003411e-01
line -9.796010e-01 -2.003411e-01 -9.815622e-01 -1.905680e-01
line -9.815622e-01 -1.905680e-01 -9.834251e-01 -1.807758e-01
line -9.834251e-01 -1.807758e-01 -9.851897e-01 -1.709655e-01
line -9.851897e-01 -1.709655e-01 -9.868558e-01 -1.611381e-01
line -9.868558e-01 -1.611381e-01 -9.884232e-01 -1.512947e-01
line -9.884232e-01 -1.512947e-01 -9.898918e-01 -1.414360e-01
line -9.898918e-01 -1.414360e-01 -9.912614e-01 -1.315633e-01
line -9.912614e-01 -1.315633e-01 -9.925319e-01 -1.216774e-01
line -9.925319e-01 -1.216774e-01 -9.937031e-01 -1.117793e-01
line -9.937031e-01 -1.117793e-01 -9.947749e-01 -1.018700e-01
line -9.947749e-01 -1.018700e-01 -9.957472e-01 -9.195056e-02
line -9.957472e-01 -9.195056e-02 -9.966200e-01 -8.202191e-02
line -9.966200e-01 -8.202191e-02 -9.973932e-01 -7.208507e-02
line -9.973932e-01 -7.208507e-02 -9.980665e-01 -6.214101e-02
line -9.980665e-01 -6.214101e-02 -9.986401e-01 -5.219074e-02
line -9.986401e-01 -5.219074e-02 -9.991138e-01 -4.223525e-02
line -9.991138e-01 -4.223525e-02 -9.994876e-01 -3.227554e-02
line -9.994876e-01 -3.227554e-02 -9.997615e-01 -2.231260e-02
line -9.997615e-01 -2.231260e-02 -9.999354e-01 -1.234743e-02
line -9.999354e-01 -1.234743e-02 -1.000009e+00 -2.381027e-03
line -1.000009e+00 -2.381027e-03 -9.999832e-01 7.585616e-03
line -9.999832e-01 7.585616e-03 -9.998571e-01 1.755150e-02
line -9.998571e-01 1.755150e-02 -9.996310e-01 2.751563e-02
line -9.996310e-01 2.751563e-02 -9.993049e-01 3.747701e-02
line -9.993049e-01 3.747701e-02 -9.988789e-01 4.743464e-02
line -9.988789e-01 4.743464e-02 -9.983531e-01 5.738753e-02
line -9.983531e-01 5.738753e-02 -9.977273e-01 6.733467e-02
line -9.977273e-01 6.733467e-02 -9.970019e-01 7.727509e-02
line -9.970019e-01 7.727509e-02 -9.961767e-01 8.720778e-02
line -9.961767e-01 8.720778e-02 -9.952519e-01 9.713174e-02
line -9.952519e-01 9.713174e-02 -9.942276e-01 1.070460e-01
line -9.942276e-01 1.070460e-01 -9.931038e-01 1.169495e-01
line -9.931038e-01 1.169495e-01 -9.918808e-01 1.268414e-01
line -9.918808e-01 1.268414e-01 -9.905585e-01 1.367206e-01
line -9.905585e-01 1.367206e-01 -9.891373e-01 1.465861e-01
line -9.891373e-01 1.465861e-01 -9.876171e-01 1.564369e-01
line -9.876171e-01 1.564369e-01 -9.859981e-01 1.662721e-01
line -9.859981e-01 1.662721e-01 -9.842805e-01 1.760907e-01
line -9.842805e-01 1.760907e-01 -9.824645e-01 1.858916e-01
line -9.824645e-01 1.858916e-01 -9.805503e-01 1.956740e-01
line -9.805503e-01 1.956740e-01 -9.785380e-01 2.054368e-01
line -9.785380e-01 2.054368e-01 -9.764279e-01 2.151791e-01
line -9.764279e-01 2.151791e-01 -9.742201e-01 2.248998e-01
line -9.742201e-01 2.248998e-01 -9.719149e-01 2.345981e-01
line -9.719149e-01 2.345981e-01 -9.695125e-01 2.442729e-01
line -9.695125e-01 2.442729e-01 -9.670131e-01 2.539232e-01
line -9.670131e-01 2.539232e-01 -9.644171e-01 2.635482e-01
line -9.644171e-01 2.635482e-01 -9.617246e-01 2.731468e-01
line -9.617246e-01 2.731468e-01 -9.589359e-01 2.827181e-01
line -9.589359e-01 2.827181e-01 -9.560513e-01 2.922612e-01
line -9.560513e-01 2.922612e-01 -9.530712e-01 3.017750e-01
line -9.530712e-01 3.017750e-01 -9.499957e-01 3.112586e-01
line -9.499957e-01 3.112586e-01 -9.468253e-01 3.207111e-01
line -9.468253e-01 3.207111e-01 -9.435601e-01 3.301315e-01
line -9.435601e-01 3.301315e-01 -9.402006e-01 3.395190e-01
line -9.402006e-01 3.395190e-01 -9.367471e-01 3.488724e-01
line -9.367471e-01 3.488724e-01 -9.331999e-01 3.581910e-01
line -9.331999e-01 3.581910e-01 -9.295594e-01 3.674738e-01
line -9.295594e-01 3.674738e-01 -9.258259e-01 3.767198e-01
line -9.258259e-01 3.767198e-01 -9.219999e-01 3.859281e-01
line -9.219999e-01 3.859281e-01 -9.180816e-01 3.950979e-01
line -9.180816e-01 3.950979e-01 -9.140716e-01 4.042281e-01
line -9.140716e-01 4.042281e-01 -9.099701e-01 4.133179e-01
line -9.099701e-01 4.133179e-01 -9.057776e-01 4.223664e-01
line -9.057776e-01 4.223664e-01 -9.014946e-01 4.313727e-01
line -9.014946e-01 4.313727e-01 -8.971214e-01 4.403358e-01
line -8.971214e-01 4.403358e-01 -8.926585e-01 4.492549e-01
line -8.926585e-01 4.492549e-01 -8.881063e-01 4.581290e-01
line -8.881063e-01 4.581290e-01 -8.834654e-01 4.669574e-01
line -8.834654e-01 4.669574e-01 -8.787361e-01 4.757390e-01
line -8.787361e-01 4.757390e-01 -8.739189e-01 4.844731e-01
line -8.739189e-01 4.844731e-01 -8.690143e-01 4.931587e-01
line -8.690143e-01 4.931587e-01 -8.640228e-01 5.017951e-01
line -8.640228e-01 5.017951e-01 -8.589449e-01 5.103812e-01
line -8.589449e-01 5.103812e-01 -8.537811e-01 5.189163e-01
line -8.537811e-01 5.189163e-01 -8.485320e-01 5.273995e-01
line -8.485320e-01 5.273995e-01 -8.431980e-01 5.358300e-01
line -8.431980e-01 5.358300e-01 -8.377796e-01 5.442068e-01
line -8.377796e-01 5.442068e-01 -8.322775e-01 5.525293e-01
line -8.322775e-01 5.525293e-01 -8.266922e-01 5.607965e-01
line -8.266922e-01 5.607965e-01 -8.210242e-01 5.690077e-01
line -8.210242e-01 5.690077e-01 -8.152741e-01 5.771619e-01
line -8.152741e-01 5.771619e-01 -8.094425e-01 5.852584e-01
line -8.094425e-01 5.852584e-01 -8.035299e-01 5.932964e-01
line -8.035299e-01 5.932964e-01 -7.975370e-01 6.012751e-01
line -7.975370e-01 6.012751e-01 -7.914643e-01 6.091936e-01
line -7.914643e-01 6.091936e-01 -7.853125e-01 6.170512e-01
line -7.853125e-01 6.170512e-01 -7.790821e-01 6.248471e-01
line -7.790821e-01 6.248471e-01 -7.727739e-01 6.325805e-01
line -7.727739e-01 6.325805e-01 -7.663883e-01 6.402507e-01
line -7.663883e-01 6.402507e-01 -7.599261e-01 6.478569e-01
line -7.599261e-01 6.478569e-01 -7.533880e-01 6.553982e-01
line -7.533880e-01 6.553982e-01 -7.467745e-01 6.628740e-01
line -7.467745e-01 6.628740e-01 -7.400863e-01 6.702836e-01
line -7.400863e-01 6.702836e-01 -7.333241e-01 6.776261e-01
line -7.333241e-01 6.776261e-01 -7.264886e-01 6.849008e-01
line -7.264886e-01 6.849008e-01 -7.195804e-01 6.921071e-01
line -7.195804e-01 6.921071e-01 -7.126003e-01 6.992441e-01
line -7.126003e-01 6.992441e-01 -7.055489e-01 7.063112e-01
line -7.055489e-01 7.063112e-01 -6.984269e-01 7.133077e-01
line -6.984269e-01 7.133077e-01 -6.912352e-01 7.202329e-01
line -6.912352e-01 7.202329e-01 -6.839742e-01 7.270860e-01
line -6.839742e-01 7.270860e-01 -6.766449e-01 7.338665e-01
line -6.766449e-01 7.338665e-01 -6.692480e-01 7.405735e-01
line -6.692480e-01 7.405735e-01 -6.617841e-01 7.472065e-01
line -6.617841e-01 7.472065e-01 -6.542540e-01 7.537647e-01
line -6.542540e-01 7.537647e-01 -6.466585e-01 7.602476e-01
line -6.466585e-01 7.602476e-01 -6.389984e-01 7.666545e-01
line -6.389984e-01 7.666545e-01 -6.312743e-01 7.729847e-01
line -6.312743e-01 7.729847e-01 -6.234871e-01 7.792376e-01
line -6.234871e-01 7.792376e-01 -6.156376e-01 7.854126e-01
line -6.156376e-01 7.854126e-01 -6.077265e-01 7.915090e-01
line -6.077265e-01 7.915090e-01 -5.997546e-01 7.975263e-01
line -5.997546e-01 7.975263e-01 -5.917228e-01 8.034639e-01
line -5.917228e-01 8.034639e-01 -5.836317e-01 8.093210e-01
line -5.836317e-01 8.093210e-01 -5.754824e-01 8.150973e-01
line -5.754824e-01 8.150973e-01 -5.672754e-01 8.207921e-01
line -5.672754e-01 8.207921e-01 -5.590118e-01 8.264047e-01
line -5.590118e-01 8.264047e-01 -5.506922e-01 8.319348e-01
line -5.506922e-01 8.319348e-01 -5.423176e-01 8.373816e-01
line -5.423176e-01 8.373816e-01 -5.338887e-01 8.427447e-01
line -5.338887e-01 8.427447e-01 -5.254065e-01 8.480235e-01
line -5.254065e-01 8.480235e-01 -5.168717e-01 8.532176e-01
line -5.168717e-01 8.532176e-01 -5.082852e-01 8.583263e-01
line -5.082852e-01 8.583263e-01 -4.996479e-01 8.633491e-01
line -4.996479e-01 8.633491e-01 -4.909607e-01 8.682857e-01
line -4.909607e-01 8.682857e-01 -4.822243e-01 8.731354e-01
line -4.822243e-01 8.731354e-01 -4.734397e-01 8.778978e-01
line -4.734397e-01 8.778978e-01 -4.646078e-01 8.825724e-01
line -4.646078e-01 8.825724e-01 -4.557294e-01 8.871588e-01
line -4.557294e-01 8.871588e-01 -4.468055e-01 8.916564e-01
line -4.468055e-01 8.916564e-01 -4.378368e-01 8.960649e-01
line -4.378368e-01 8.960649e-01 -4.288244e-01 9.003837e-01
line -4.288244e-01 9.003837e-01 -4.197691e-01 9.046126e-01
line -4.197691e-01 9.046126e-01 -4.106718e-01 9.087509e-01
line -4.106718e-01 9.087509e-01 -4.015335e-01 9.127984e-01
line -4.015335e-01 9.127984e-01 -3.923550e-01 9.167546e-01
line -3.923550e-01 9.167546e-01 -3.831372e-01 9.206192e-01
line -3.831372e-01 9.206192e-01 -3.738812e-01 9.243917e-01
line -3.738812e-01 9.243917e-01 -3.645878e-01 9.280717e-01
line -3.645878e-01 9.280717e-01 -3.552579e-01 9.316589e-01
line -3.552579e-01 9.316589e-01 -3.458924e-01 9.351530e-01
line -3.458924e-01 9.351530e-01 -3.364924e-01 9.385536e-01
line -3.364924e-01 9.385536e-01 -3.270588e-01 9.418603e-01
line -3.270588e-01 9.418603e-01 -3.175924e-01 9.450728e-01
line -3.175924e-01 9.450728e-01 -3.080943e-01 9.481908e-01
line -3.080943e-01 9.481908e-01 -2.985654e-01 9.512140e-01
line -2.985654e-01 9.512140e-01 -2.890066e-01 9.541421e-01
line -2.890066e-01 9.541421e-01 -2.794189e-01 9.569747e-01
line -2.794189e-01 9.569747e-01 -2.698033e-01 9.597117e-01
line -2.698033e-01 9.597117e-01 -2.601606e-01 9.623527e-01
line -2.601606e-01 9.623527e-01 -2.504920e-01 9.648974e-01
line -2.504920e-01 9.648974e-01 -2.407983e-01 9.673457e-01
line -2.407983e-01 9.673457e-01 -2.310806e-01 9.696972e-01
line -2.310806e-01 9.696972e-01 -2.213397e-01 9.719518e-01
line -2.213397e-01 9.719518e-01 -2.115767e-01 9.741092e-01
line -2.115767e-01 9.741092e-01 -2.017926e-01 9.761691e-01
line -2.017926e-01 9.761691e-01 -1.919882e-01 9.781315e-01
line -1.919882e-01 9.781315e-01 -1.821647e-01 9.799960e-01
line -1.821647e-01 9.799960e-01 -1.723230e-01 9.817625e-01
line -1.723230e-01 9.817625e-01 -1.624640e-01 9.834309e-01
line -1.624640e-01 9.834309e-01 -1.525888e-01 9.850009e-01
line -1.525888e-01 9.850009e-01 -1.426983e-01 9.864724e-01
line -1.426983e-01 9.864724e-01 -1.327935e-01 9.878453e-01
line -1.327935e-01 9.878453e-01 -1.228755e-01 9.891194e-01
line -1.228755e-01 9.891194e-01 -1.129452e-01 9.902946e-01
line -1.129452e-01 9.902946e-01 -1.030035e-01 9.913707e-01
line -1.030035e-01 9.913707e-01 -9.305163e-02 9.923477e-01
line -9.305163e-02 9.923477e-01 -8.309041e-02 9.932255e-01
line -8.309041e-02 9.932255e-01 -7.312088e-02 9.940039e-01
line -7.312088e-02 9.940039e-01 -6.314404e-02 9.946830e-01
line -6.314404e-02 9.946830e-01 -5.316088e-02 9.952626e-01
line -5.316088e-02 9.952626e-01 -4.317241e-02 9.957426e-01
line -4.317241e-02 9.957426e-01 -3.317962e-02 9.961231e-01
line -3.317962e-02 9.961231e-01 -2.318351e-02 9.964040e-01
line -2.318351e-02 9.964040e-01 -1.318509e-02 9.965852e-01
line -1.318509e-02 9.965852e-01 -3.185340e-03 9.966668e-01
line -3.185340e-03 9.966668e-01 6.814723e-03 9.966487e-01
0 0 "B"
0 -.5 "C"
0 0.5 "A"
