#x -1.5 1.5 y -1.5 1.5
#cs 0.8
circ 0 0 0.05
line 0.000000e+00 5.000000e-02 0.000000e+00 8.000000e-02
line 3.535532e-02 3.535536e-02 5.656850e-02 5.656858e-02
line 5.000000e-02 6.633974e-08 8.000000e-02 1.061436e-07
line 3.535541e-02 -3.535527e-02 5.656866e-02 -5.656843e-02
line 1.326795e-07 -5.000000e-02 2.122872e-07 -8.000000e-02
line -3.535522e-02 -3.535546e-02 -5.656835e-02 -5.656873e-02
line -5.000000e-02 -1.990192e-07 -8.000000e-02 -3.184308e-07
line -3.535550e-02 3.535517e-02 -5.656881e-02 5.656828e-02
-.4 -.2 "\cr"
