#g 0 x -10 10 y -10 10
#w 1.2 x -10 14 y -10 10
#c0
#
-9.000000e+00 -8.000000e+00
 -6.000000e+00 -8.000000e+00
#
-6.000000e+00 -8.000000e+00
 -6.600000e+00 -7.760000e+00
#
-6.000000e+00 -8.000000e+00
 -6.600000e+00 -8.240000e+00
#
-6.300000e+00 -8.000000e+00
 -6.600000e+00 -7.760000e+00
#
-6.300000e+00 -8.000000e+00
 -6.600000e+00 -8.240000e+00
#
#
#c0
#
-9.000000e+00 -4.000000e+00
 -6.000000e+00 -4.000000e+00
#
-6.000000e+00 -4.000000e+00
 -6.600000e+00 -3.760000e+00
#
-6.000000e+00 -4.000000e+00
 -6.600000e+00 -4.240000e+00
#
-6.300000e+00 -4.000000e+00
 -6.600000e+00 -3.760000e+00
#
-6.300000e+00 -4.000000e+00
 -6.600000e+00 -4.240000e+00
#
#
#c0
#
-9.000000e+00 0.000000e+00
 -6.000000e+00 0.000000e+00
#
-6.000000e+00 0.000000e+00
 -6.600000e+00 2.400000e-01
#
-6.000000e+00 0.000000e+00
 -6.600000e+00 -2.400000e-01
#
-6.300000e+00 0.000000e+00
 -6.600000e+00 2.400000e-01
#
-6.300000e+00 0.000000e+00
 -6.600000e+00 -2.400000e-01
#
#
#c0
#
-9.000000e+00 4.000000e+00
 -6.000000e+00 4.000000e+00
#
-6.000000e+00 4.000000e+00
 -6.600000e+00 4.240000e+00
#
-6.000000e+00 4.000000e+00
 -6.600000e+00 3.760000e+00
#
-6.300000e+00 4.000000e+00
 -6.600000e+00 4.240000e+00
#
-6.300000e+00 4.000000e+00
 -6.600000e+00 3.760000e+00
#
#
#c0
#
-9.000000e+00 8.000000e+00
 -6.000000e+00 8.000000e+00
#
-6.000000e+00 8.000000e+00
 -6.600000e+00 8.240000e+00
#
-6.000000e+00 8.000000e+00
 -6.600000e+00 7.760000e+00
#
-6.300000e+00 8.000000e+00
 -6.600000e+00 8.240000e+00
#
-6.300000e+00 8.000000e+00
 -6.600000e+00 7.760000e+00
#
#
-9 1 "Sunlight"
#m 2
#c0
1.200000e+01 0.000000e+00
1.199914e+01 1.099512e-01
1.199655e+01 2.198753e-01
1.199223e+01 3.297452e-01
1.198619e+01 4.395336e-01
1.197842e+01 5.492137e-01
1.196893e+01 6.587582e-01
1.195773e+01 7.681402e-01
1.194480e+01 8.773326e-01
1.193017e+01 9.863086e-01
1.191382e+01 1.095041e+00
1.189577e+01 1.203504e+00
1.187601e+01 1.311669e+00
1.185456e+01 1.419511e+00
1.183142e+01 1.527003e+00
1.180659e+01 1.634118e+00
1.178008e+01 1.740829e+00
1.175190e+01 1.847111e+00
1.172206e+01 1.952938e+00
1.169055e+01 2.058282e+00
1.165740e+01 2.163119e+00
1.162260e+01 2.267422e+00
1.158617e+01 2.371165e+00
1.154811e+01 2.474324e+00
1.150844e+01 2.576872e+00
1.146716e+01 2.678784e+00
1.142428e+01 2.780035e+00
1.137982e+01 2.880601e+00
1.133379e+01 2.980455e+00
1.128619e+01 3.079574e+00
1.123705e+01 3.177933e+00
1.118636e+01 3.275509e+00
1.113415e+01 3.372276e+00
1.108042e+01 3.468211e+00
1.102519e+01 3.563290e+00
1.096848e+01 3.657490e+00
1.091030e+01 3.750788e+00
1.085065e+01 3.843160e+00
1.078956e+01 3.934584e+00
1.072705e+01 4.025037e+00
1.066312e+01 4.114497e+00
1.059779e+01 4.202942e+00
1.053109e+01 4.290349e+00
1.046301e+01 4.376699e+00
1.039359e+01 4.461968e+00
1.032284e+01 4.546136e+00
1.025078e+01 4.629183e+00
1.017742e+01 4.711088e+00
1.010278e+01 4.791830e+00
1.002688e+01 4.871390e+00
9.949747e+00 4.949747e+00
9.871390e+00 5.026884e+00
9.791830e+00 5.102780e+00
9.711088e+00 5.177418e+00
9.629183e+00 5.250777e+00
9.546136e+00 5.322842e+00
9.461968e+00 5.393593e+00
9.376699e+00 5.463013e+00
9.290349e+00 5.531085e+00
9.202942e+00 5.597793e+00
9.114497e+00 5.663119e+00
9.025037e+00 5.727048e+00
8.934584e+00 5.789564e+00
8.843160e+00 5.850652e+00
8.750788e+00 5.910295e+00
8.657490e+00 5.968481e+00
8.563290e+00 6.025194e+00
8.468211e+00 6.080421e+00
8.372276e+00 6.134147e+00
8.275509e+00 6.186359e+00
8.177933e+00 6.237046e+00
8.079574e+00 6.286193e+00
7.980455e+00 6.333789e+00
7.880601e+00 6.379823e+00
7.780035e+00 6.424282e+00
7.678784e+00 6.467157e+00
7.576872e+00 6.508435e+00
7.474324e+00 6.548108e+00
7.371165e+00 6.586165e+00
7.267422e+00 6.622598e+00
7.163119e+00 6.657396e+00
7.058282e+00 6.690551e+00
6.952938e+00 6.722056e+00
6.847111e+00 6.751902e+00
6.740829e+00 6.780082e+00
6.634118e+00 6.806589e+00
6.527003e+00 6.831417e+00
6.419511e+00 6.854560e+00
6.311669e+00 6.876011e+00
6.203504e+00 6.895765e+00
6.095041e+00 6.913818e+00
5.986309e+00 6.930166e+00
5.877333e+00 6.944803e+00
5.768140e+00 6.957727e+00
5.658758e+00 6.968934e+00
5.549214e+00 6.978421e+00
5.439534e+00 6.986187e+00
5.329745e+00 6.992229e+00
5.219875e+00 6.996546e+00
5.109951e+00 6.999136e+00
5.000000e+00 7.000000e+00
4.890049e+00 6.999136e+00
4.780125e+00 6.996546e+00
4.670255e+00 6.992229e+00
4.560466e+00 6.986187e+00
4.450786e+00 6.978421e+00
4.341242e+00 6.968934e+00
4.231860e+00 6.957727e+00
4.122667e+00 6.944803e+00
4.013691e+00 6.930166e+00
3.904959e+00 6.913818e+00
3.796496e+00 6.895765e+00
3.688331e+00 6.876011e+00
3.580489e+00 6.854560e+00
3.472997e+00 6.831417e+00
3.365882e+00 6.806589e+00
3.259171e+00 6.780082e+00
3.152889e+00 6.751902e+00
3.047062e+00 6.722056e+00
2.941718e+00 6.690551e+00
2.836881e+00 6.657396e+00
2.732578e+00 6.622598e+00
2.628835e+00 6.586165e+00
2.525676e+00 6.548108e+00
2.423128e+00 6.508435e+00
2.321216e+00 6.467157e+00
2.219965e+00 6.424282e+00
2.119399e+00 6.379823e+00
2.019545e+00 6.333789e+00
1.920426e+00 6.286193e+00
1.822067e+00 6.237046e+00
1.724491e+00 6.186359e+00
1.627724e+00 6.134147e+00
1.531789e+00 6.080421e+00
1.436710e+00 6.025194e+00
1.342510e+00 5.968481e+00
1.249212e+00 5.910295e+00
1.156840e+00 5.850652e+00
1.065416e+00 5.789564e+00
9.749632e-01 5.727048e+00
8.855032e-01 5.663119e+00
7.970584e-01 5.597793e+00
7.096506e-01 5.531085e+00
6.233014e-01 5.463013e+00
5.380321e-01 5.393593e+00
4.538637e-01 5.322842e+00
3.708169e-01 5.250777e+00
2.889124e-01 5.177418e+00
2.081703e-01 5.102780e+00
1.286104e-01 5.026884e+00
5.025253e-02 4.949747e+00
-2.688408e-02 4.871390e+00
-1.027804e-01 4.791830e+00
-1.774177e-01 4.711088e+00
-2.507775e-01 4.629183e+00
-3.228418e-01 4.546136e+00
-3.935927e-01 4.461968e+00
-4.630129e-01 4.376699e+00
-5.310851e-01 4.290349e+00
-5.977926e-01 4.202942e+00
-6.631190e-01 4.114497e+00
-7.270480e-01 4.025037e+00
-7.895640e-01 3.934584e+00
-8.506515e-01 3.843160e+00
-9.102955e-01 3.750788e+00
-9.684812e-01 3.657490e+00
-1.025194e+00 3.563290e+00
-1.080421e+00 3.468211e+00
-1.134147e+00 3.372276e+00
-1.186359e+00 3.275509e+00
-1.237046e+00 3.177933e+00
-1.286193e+00 3.079574e+00
-1.333789e+00 2.980455e+00
-1.379823e+00 2.880601e+00
-1.424282e+00 2.780035e+00
-1.467157e+00 2.678784e+00
-1.508435e+00 2.576872e+00
-1.548108e+00 2.474324e+00
-1.586165e+00 2.371165e+00
-1.622598e+00 2.267422e+00
-1.657396e+00 2.163119e+00
-1.690551e+00 2.058282e+00
-1.722056e+00 1.952938e+00
-1.751902e+00 1.847111e+00
-1.780082e+00 1.740829e+00
-1.806589e+00 1.634118e+00
-1.831417e+00 1.527003e+00
-1.854560e+00 1.419511e+00
-1.876011e+00 1.311669e+00
-1.895765e+00 1.203504e+00
-1.913818e+00 1.095041e+00
-1.930166e+00 9.863086e-01
-1.944803e+00 8.773326e-01
-1.957727e+00 7.681402e-01
-1.968934e+00 6.587582e-01
-1.978421e+00 5.492137e-01
-1.986187e+00 4.395336e-01
-1.992229e+00 3.297452e-01
-1.996546e+00 2.198753e-01
-1.999136e+00 1.099512e-01
-2.000000e+00 6.286393e-10
-1.999136e+00 -1.099512e-01
-1.996546e+00 -2.198753e-01
-1.992229e+00 -3.297452e-01
-1.986187e+00 -4.395336e-01
-1.978421e+00 -5.492137e-01
-1.968934e+00 -6.587582e-01
-1.957727e+00 -7.681402e-01
-1.944803e+00 -8.773326e-01
-1.930166e+00 -9.863086e-01
-1.913818e+00 -1.095041e+00
-1.895765e+00 -1.203504e+00
-1.876011e+00 -1.311669e+00
-1.854560e+00 -1.419511e+00
-1.831417e+00 -1.527003e+00
-1.806589e+00 -1.634118e+00
-1.780082e+00 -1.740829e+00
-1.751902e+00 -1.847111e+00
-1.722056e+00 -1.952938e+00
-1.690551e+00 -2.058282e+00
-1.657396e+00 -2.163119e+00
-1.622598e+00 -2.267422e+00
-1.586165e+00 -2.371165e+00
-1.548108e+00 -2.474324e+00
-1.508435e+00 -2.576872e+00
-1.467157e+00 -2.678784e+00
-1.424282e+00 -2.780035e+00
-1.379823e+00 -2.880601e+00
-1.333789e+00 -2.980455e+00
-1.286193e+00 -3.079574e+00
-1.237046e+00 -3.177933e+00
-1.186359e+00 -3.275509e+00
-1.134147e+00 -3.372276e+00
-1.080421e+00 -3.468211e+00
-1.025194e+00 -3.563290e+00
-9.684812e-01 -3.657490e+00
-9.102955e-01 -3.750788e+00
-8.506515e-01 -3.843160e+00
-7.895640e-01 -3.934584e+00
-7.270480e-01 -4.025037e+00
-6.631190e-01 -4.114497e+00
-5.977926e-01 -4.202942e+00
-5.310851e-01 -4.290349e+00
-4.630129e-01 -4.376699e+00
-3.935927e-01 -4.461968e+00
-3.228418e-01 -4.546136e+00
-2.507775e-01 -4.629183e+00
-1.774177e-01 -4.711088e+00
-1.027804e-01 -4.791830e+00
-2.688408e-02 -4.871390e+00
5.025253e-02 -4.949747e+00
1.286104e-01 -5.026884e+00
2.081703e-01 -5.102780e+00
2.889124e-01 -5.177418e+00
3.708169e-01 -5.250777e+00
4.538637e-01 -5.322842e+00
5.380321e-01 -5.393593e+00
6.233014e-01 -5.463013e+00
7.096506e-01 -5.531085e+00
7.970584e-01 -5.597793e+00
8.855032e-01 -5.663119e+00
9.749632e-01 -5.727048e+00
1.065416e+00 -5.789564e+00
1.156840e+00 -5.850652e+00
1.249212e+00 -5.910295e+00
1.342510e+00 -5.968481e+00
1.436710e+00 -6.025194e+00
1.531789e+00 -6.080421e+00
1.627724e+00 -6.134147e+00
1.724491e+00 -6.186359e+00
1.822067e+00 -6.237046e+00
1.920426e+00 -6.286193e+00
2.019545e+00 -6.333789e+00
2.119399e+00 -6.379823e+00
2.219965e+00 -6.424282e+00
2.321216e+00 -6.467157e+00
2.423128e+00 -6.508435e+00
2.525676e+00 -6.548108e+00
2.628835e+00 -6.586165e+00
2.732578e+00 -6.622598e+00
2.836881e+00 -6.657396e+00
2.941718e+00 -6.690551e+00
3.047062e+00 -6.722056e+00
3.152889e+00 -6.751902e+00
3.259171e+00 -6.780082e+00
3.365882e+00 -6.806589e+00
3.472997e+00 -6.831417e+00
3.580489e+00 -6.854560e+00
3.688331e+00 -6.876011e+00
3.796496e+00 -6.895765e+00
3.904959e+00 -6.913818e+00
4.013691e+00 -6.930166e+00
4.122667e+00 -6.944803e+00
4.231860e+00 -6.957727e+00
4.341242e+00 -6.968934e+00
4.450786e+00 -6.978421e+00
4.560466e+00 -6.986187e+00
4.670255e+00 -6.992229e+00
4.780125e+00 -6.996546e+00
4.890049e+00 -6.999136e+00
5.000000e+00 -7.000000e+00
5.109951e+00 -6.999136e+00
5.219875e+00 -6.996546e+00
5.329745e+00 -6.992229e+00
5.439534e+00 -6.986187e+00
5.549214e+00 -6.978421e+00
5.658758e+00 -6.968934e+00
5.768140e+00 -6.957727e+00
5.877333e+00 -6.944803e+00
5.986309e+00 -6.930166e+00
6.095041e+00 -6.913818e+00
6.203504e+00 -6.895765e+00
6.311669e+00 -6.876011e+00
6.419511e+00 -6.854560e+00
6.527003e+00 -6.831417e+00
6.634118e+00 -6.806589e+00
6.740829e+00 -6.780082e+00
6.847111e+00 -6.751902e+00
6.952938e+00 -6.722056e+00
7.058282e+00 -6.690551e+00
7.163119e+00 -6.657396e+00
7.267422e+00 -6.622598e+00
7.371165e+00 -6.586165e+00
7.474324e+00 -6.548108e+00
7.576872e+00 -6.508435e+00
7.678784e+00 -6.467157e+00
7.780035e+00 -6.424282e+00
7.880601e+00 -6.379823e+00
7.980455e+00 -6.333789e+00
8.079574e+00 -6.286193e+00
8.177933e+00 -6.237046e+00
8.275509e+00 -6.186359e+00
8.372276e+00 -6.134147e+00
8.468211e+00 -6.080421e+00
8.563290e+00 -6.025194e+00
8.657490e+00 -5.968481e+00
8.750788e+00 -5.910295e+00
8.843160e+00 -5.850652e+00
8.934584e+00 -5.789564e+00
9.025037e+00 -5.727048e+00
9.114497e+00 -5.663119e+00
9.202942e+00 -5.597793e+00
9.290349e+00 -5.531085e+00
9.376699e+00 -5.463013e+00
9.461968e+00 -5.393593e+00
9.546136e+00 -5.322842e+00
9.629183e+00 -5.250777e+00
9.711088e+00 -5.177418e+00
9.791830e+00 -5.102780e+00
9.871390e+00 -5.026884e+00
9.949747e+00 -4.949747e+00
1.002688e+01 -4.871390e+00
1.010278e+01 -4.791830e+00
1.017742e+01 -4.711088e+00
1.025078e+01 -4.629183e+00
1.032284e+01 -4.546136e+00
1.039359e+01 -4.461968e+00
1.046301e+01 -4.376699e+00
1.053109e+01 -4.290349e+00
1.059779e+01 -4.202942e+00
1.066312e+01 -4.114497e+00
1.072705e+01 -4.025037e+00
1.078956e+01 -3.934584e+00
1.085065e+01 -3.843160e+00
1.091030e+01 -3.750788e+00
1.096848e+01 -3.657490e+00
1.102519e+01 -3.563290e+00
1.108042e+01 -3.468211e+00
1.113415e+01 -3.372276e+00
1.118636e+01 -3.275509e+00
1.123705e+01 -3.177933e+00
1.128619e+01 -3.079574e+00
1.133379e+01 -2.980455e+00
1.137982e+01 -2.880601e+00
1.142428e+01 -2.780035e+00
1.146716e+01 -2.678784e+00
1.150844e+01 -2.576872e+00
1.154811e+01 -2.474324e+00
1.158617e+01 -2.371165e+00
1.162260e+01 -2.267422e+00
1.165740e+01 -2.163119e+00
1.169055e+01 -2.058282e+00
1.172206e+01 -1.952938e+00
1.175190e+01 -1.847111e+00
1.178008e+01 -1.740829e+00
1.180659e+01 -1.634118e+00
1.183142e+01 -1.527003e+00
1.185456e+01 -1.419511e+00
1.187601e+01 -1.311669e+00
1.189577e+01 -1.203504e+00
1.191382e+01 -1.095041e+00
1.193017e+01 -9.863086e-01
1.194480e+01 -8.773326e-01
1.195773e+01 -7.681402e-01
1.196893e+01 -6.587582e-01
1.197842e+01 -5.492137e-01
1.198619e+01 -4.395336e-01
1.199223e+01 -3.297452e-01
1.199655e+01 -2.198753e-01
1.199914e+01 -1.099512e-01
#
#m 1 cs 0.8 
4 8.5 "Moon's orbit"
4.45 0 "Earth"
#c0
6.000000e+00 0.000000e+00
5.999877e+00 1.570732e-02
5.999507e+00 3.141076e-02
5.998890e+00 4.710645e-02
5.998027e+00 6.279052e-02
5.996917e+00 7.845910e-02
5.995562e+00 9.410831e-02
5.993961e+00 1.097343e-01
5.992115e+00 1.253332e-01
5.990024e+00 1.409012e-01
5.987688e+00 1.564345e-01
5.985109e+00 1.719291e-01
5.982287e+00 1.873813e-01
5.979223e+00 2.027873e-01
5.975917e+00 2.181432e-01
5.972370e+00 2.334454e-01
5.968583e+00 2.486899e-01
5.964557e+00 2.638730e-01
5.960294e+00 2.789911e-01
5.955793e+00 2.940403e-01
5.951057e+00 3.090170e-01
5.946085e+00 3.239174e-01
5.940881e+00 3.387379e-01
5.935444e+00 3.534748e-01
5.929776e+00 3.681246e-01
5.923880e+00 3.826834e-01
5.917755e+00 3.971479e-01
5.911403e+00 4.115144e-01
5.904827e+00 4.257793e-01
5.898028e+00 4.399392e-01
5.891007e+00 4.539905e-01
5.883766e+00 4.679298e-01
5.876307e+00 4.817537e-01
5.868632e+00 4.954587e-01
5.860742e+00 5.090414e-01
5.852640e+00 5.224986e-01
5.844328e+00 5.358268e-01
5.835807e+00 5.490228e-01
5.827081e+00 5.620834e-01
5.818150e+00 5.750053e-01
5.809017e+00 5.877853e-01
5.799685e+00 6.004202e-01
5.790155e+00 6.129071e-01
5.780430e+00 6.252427e-01
5.770513e+00 6.374240e-01
5.760406e+00 6.494480e-01
5.750111e+00 6.613119e-01
5.739631e+00 6.730125e-01
5.728969e+00 6.845471e-01
5.718126e+00 6.959128e-01
5.707107e+00 7.071068e-01
5.695913e+00 7.181263e-01
5.684547e+00 7.289686e-01
5.673013e+00 7.396311e-01
5.661312e+00 7.501111e-01
5.649448e+00 7.604060e-01
5.637424e+00 7.705132e-01
5.625243e+00 7.804304e-01
5.612907e+00 7.901550e-01
5.600420e+00 7.996847e-01
5.587785e+00 8.090170e-01
5.575005e+00 8.181497e-01
5.562083e+00 8.270806e-01
5.549023e+00 8.358074e-01
5.535827e+00 8.443279e-01
5.522499e+00 8.526402e-01
5.509041e+00 8.607420e-01
5.495459e+00 8.686315e-01
5.481754e+00 8.763067e-01
5.467930e+00 8.837656e-01
5.453990e+00 8.910065e-01
5.439939e+00 8.980276e-01
5.425779e+00 9.048271e-01
5.411514e+00 9.114033e-01
5.397148e+00 9.177546e-01
5.382683e+00 9.238795e-01
5.368125e+00 9.297765e-01
5.353475e+00 9.354440e-01
5.338738e+00 9.408808e-01
5.323917e+00 9.460854e-01
5.309017e+00 9.510565e-01
5.294040e+00 9.557930e-01
5.278991e+00 9.602937e-01
5.263873e+00 9.645574e-01
5.248690e+00 9.685832e-01
5.233445e+00 9.723699e-01
5.218143e+00 9.759168e-01
5.202787e+00 9.792228e-01
5.187381e+00 9.822873e-01
5.171929e+00 9.851093e-01
5.156434e+00 9.876883e-01
5.140901e+00 9.900237e-01
5.125333e+00 9.921147e-01
5.109734e+00 9.939610e-01
5.094108e+00 9.955620e-01
5.078459e+00 9.969173e-01
5.062791e+00 9.980267e-01
5.047106e+00 9.988899e-01
5.031411e+00 9.995066e-01
5.015707e+00 9.998766e-01
5.000000e+00 1.000000e+00
4.984293e+00 9.998766e-01
4.968589e+00 9.995066e-01
4.952894e+00 9.988899e-01
4.937209e+00 9.980267e-01
4.921541e+00 9.969173e-01
4.905892e+00 9.955620e-01
4.890266e+00 9.939610e-01
4.874667e+00 9.921147e-01
4.859099e+00 9.900237e-01
4.843566e+00 9.876883e-01
4.828071e+00 9.851093e-01
4.812619e+00 9.822873e-01
4.797213e+00 9.792228e-01
4.781857e+00 9.759168e-01
4.766555e+00 9.723699e-01
4.751310e+00 9.685832e-01
4.736127e+00 9.645574e-01
4.721009e+00 9.602937e-01
4.705960e+00 9.557930e-01
4.690983e+00 9.510565e-01
4.676083e+00 9.460854e-01
4.661262e+00 9.408808e-01
4.646525e+00 9.354440e-01
4.631875e+00 9.297765e-01
4.617317e+00 9.238795e-01
4.602852e+00 9.177546e-01
4.588486e+00 9.114033e-01
4.574221e+00 9.048271e-01
4.560061e+00 8.980276e-01
4.546010e+00 8.910065e-01
4.532070e+00 8.837656e-01
4.518246e+00 8.763067e-01
4.504541e+00 8.686315e-01
4.490959e+00 8.607420e-01
4.477501e+00 8.526402e-01
4.464173e+00 8.443279e-01
4.450977e+00 8.358074e-01
4.437917e+00 8.270806e-01
4.424995e+00 8.181497e-01
4.412215e+00 8.090170e-01
4.399580e+00 7.996847e-01
4.387093e+00 7.901550e-01
4.374757e+00 7.804304e-01
4.362576e+00 7.705132e-01
4.350552e+00 7.604060e-01
4.338688e+00 7.501111e-01
4.326987e+00 7.396311e-01
4.315453e+00 7.289686e-01
4.304087e+00 7.181263e-01
4.292893e+00 7.071068e-01
4.281874e+00 6.959128e-01
4.271031e+00 6.845471e-01
4.260369e+00 6.730125e-01
4.249889e+00 6.613119e-01
4.239594e+00 6.494480e-01
4.229487e+00 6.374240e-01
4.219570e+00 6.252427e-01
4.209845e+00 6.129071e-01
4.200315e+00 6.004202e-01
4.190983e+00 5.877853e-01
4.181850e+00 5.750053e-01
4.172919e+00 5.620834e-01
4.164193e+00 5.490228e-01
4.155672e+00 5.358268e-01
4.147360e+00 5.224986e-01
4.139258e+00 5.090414e-01
4.131368e+00 4.954587e-01
4.123693e+00 4.817537e-01
4.116234e+00 4.679298e-01
4.108993e+00 4.539905e-01
4.101972e+00 4.399392e-01
4.095173e+00 4.257793e-01
4.088597e+00 4.115144e-01
4.082245e+00 3.971479e-01
4.076120e+00 3.826834e-01
4.070224e+00 3.681246e-01
4.064556e+00 3.534748e-01
4.059119e+00 3.387379e-01
4.053915e+00 3.239174e-01
4.048943e+00 3.090170e-01
4.044207e+00 2.940403e-01
4.039706e+00 2.789911e-01
4.035443e+00 2.638731e-01
4.031417e+00 2.486899e-01
4.027630e+00 2.334454e-01
4.024083e+00 2.181432e-01
4.020777e+00 2.027873e-01
4.017713e+00 1.873813e-01
4.014891e+00 1.719291e-01
4.012312e+00 1.564345e-01
4.009976e+00 1.409012e-01
4.007885e+00 1.253332e-01
4.006039e+00 1.097343e-01
4.004438e+00 9.410831e-02
4.003083e+00 7.845910e-02
4.001973e+00 6.279052e-02
4.001110e+00 4.710645e-02
4.000493e+00 3.141076e-02
4.000123e+00 1.570732e-02
4.000000e+00 8.980562e-11
4.000123e+00 -1.570732e-02
4.000493e+00 -3.141076e-02
4.001110e+00 -4.710645e-02
4.001973e+00 -6.279052e-02
4.003083e+00 -7.845910e-02
4.004438e+00 -9.410831e-02
4.006039e+00 -1.097343e-01
4.007885e+00 -1.253332e-01
4.009976e+00 -1.409012e-01
4.012312e+00 -1.564345e-01
4.014891e+00 -1.719291e-01
4.017713e+00 -1.873813e-01
4.020777e+00 -2.027873e-01
4.024083e+00 -2.181432e-01
4.027630e+00 -2.334454e-01
4.031417e+00 -2.486899e-01
4.035443e+00 -2.638730e-01
4.039706e+00 -2.789911e-01
4.044207e+00 -2.940403e-01
4.048943e+00 -3.090170e-01
4.053915e+00 -3.239174e-01
4.059119e+00 -3.387379e-01
4.064556e+00 -3.534748e-01
4.070224e+00 -3.681246e-01
4.076120e+00 -3.826834e-01
4.082245e+00 -3.971479e-01
4.088597e+00 -4.115144e-01
4.095173e+00 -4.257793e-01
4.101972e+00 -4.399392e-01
4.108993e+00 -4.539905e-01
4.116234e+00 -4.679298e-01
4.123693e+00 -4.817537e-01
4.131368e+00 -4.954587e-01
4.139258e+00 -5.090414e-01
4.147360e+00 -5.224986e-01
4.155672e+00 -5.358268e-01
4.164193e+00 -5.490228e-01
4.172919e+00 -5.620834e-01
4.181850e+00 -5.750053e-01
4.190983e+00 -5.877853e-01
4.200315e+00 -6.004202e-01
4.209845e+00 -6.129071e-01
4.219570e+00 -6.252427e-01
4.229487e+00 -6.374240e-01
4.239594e+00 -6.494480e-01
4.249889e+00 -6.613119e-01
4.260369e+00 -6.730125e-01
4.271031e+00 -6.845471e-01
4.281874e+00 -6.959128e-01
4.292893e+00 -7.071068e-01
4.304087e+00 -7.181263e-01
4.315453e+00 -7.289686e-01
4.326987e+00 -7.396311e-01
4.338688e+00 -7.501111e-01
4.350552e+00 -7.604060e-01
4.362576e+00 -7.705132e-01
4.374757e+00 -7.804304e-01
4.387093e+00 -7.901550e-01
4.399580e+00 -7.996847e-01
4.412215e+00 -8.090170e-01
4.424995e+00 -8.181497e-01
4.437917e+00 -8.270806e-01
4.450977e+00 -8.358074e-01
4.464173e+00 -8.443279e-01
4.477501e+00 -8.526402e-01
4.490959e+00 -8.607420e-01
4.504541e+00 -8.686315e-01
4.518246e+00 -8.763067e-01
4.532070e+00 -8.837656e-01
4.546010e+00 -8.910065e-01
4.560061e+00 -8.980276e-01
4.574221e+00 -9.048271e-01
4.588486e+00 -9.114033e-01
4.602852e+00 -9.177546e-01
4.617317e+00 -9.238795e-01
4.631875e+00 -9.297765e-01
4.646525e+00 -9.354440e-01
4.661262e+00 -9.408808e-01
4.676083e+00 -9.460854e-01
4.690983e+00 -9.510565e-01
4.705960e+00 -9.557930e-01
4.721009e+00 -9.602937e-01
4.736127e+00 -9.645574e-01
4.751310e+00 -9.685832e-01
4.766555e+00 -9.723699e-01
4.781857e+00 -9.759168e-01
4.797213e+00 -9.792228e-01
4.812619e+00 -9.822873e-01
4.828071e+00 -9.851093e-01
4.843566e+00 -9.876883e-01
4.859099e+00 -9.900237e-01
4.874667e+00 -9.921147e-01
4.890266e+00 -9.939610e-01
4.905892e+00 -9.955620e-01
4.921541e+00 -9.969173e-01
4.937209e+00 -9.980267e-01
4.952894e+00 -9.988899e-01
4.968589e+00 -9.995066e-01
4.984293e+00 -9.998766e-01
5.000000e+00 -1.000000e+00
5.015707e+00 -9.998766e-01
5.031411e+00 -9.995066e-01
5.047106e+00 -9.988899e-01
5.062791e+00 -9.980267e-01
5.078459e+00 -9.969173e-01
5.094108e+00 -9.955620e-01
5.109734e+00 -9.939610e-01
5.125333e+00 -9.921147e-01
5.140901e+00 -9.900237e-01
5.156434e+00 -9.876883e-01
5.171929e+00 -9.851093e-01
5.187381e+00 -9.822873e-01
5.202787e+00 -9.792228e-01
5.218143e+00 -9.759168e-01
5.233445e+00 -9.723699e-01
5.248690e+00 -9.685832e-01
5.263873e+00 -9.645574e-01
5.278991e+00 -9.602937e-01
5.294040e+00 -9.557930e-01
5.309017e+00 -9.510565e-01
5.323917e+00 -9.460854e-01
5.338738e+00 -9.408808e-01
5.353475e+00 -9.354440e-01
5.368125e+00 -9.297765e-01
5.382683e+00 -9.238795e-01
5.397148e+00 -9.177546e-01
5.411514e+00 -9.114033e-01
5.425779e+00 -9.048271e-01
5.439939e+00 -8.980276e-01
5.453990e+00 -8.910065e-01
5.467930e+00 -8.837656e-01
5.481754e+00 -8.763067e-01
5.495459e+00 -8.686315e-01
5.509041e+00 -8.607420e-01
5.522499e+00 -8.526402e-01
5.535827e+00 -8.443279e-01
5.549023e+00 -8.358074e-01
5.562083e+00 -8.270806e-01
5.575005e+00 -8.181497e-01
5.587785e+00 -8.090170e-01
5.600420e+00 -7.996847e-01
5.612907e+00 -7.901550e-01
5.625243e+00 -7.804304e-01
5.637424e+00 -7.705132e-01
5.649448e+00 -7.604060e-01
5.661312e+00 -7.501111e-01
5.673013e+00 -7.396311e-01
5.684547e+00 -7.289686e-01
5.695913e+00 -7.181263e-01
5.707107e+00 -7.071068e-01
5.718126e+00 -6.959128e-01
5.728969e+00 -6.845471e-01
5.739631e+00 -6.730125e-01
5.750111e+00 -6.613119e-01
5.760406e+00 -6.494480e-01
5.770513e+00 -6.374240e-01
5.780430e+00 -6.252427e-01
5.790155e+00 -6.129071e-01
5.799685e+00 -6.004202e-01
5.809017e+00 -5.877853e-01
5.818150e+00 -5.750053e-01
5.827081e+00 -5.620834e-01
5.835807e+00 -5.490228e-01
5.844328e+00 -5.358268e-01
5.852640e+00 -5.224986e-01
5.860742e+00 -5.090414e-01
5.868632e+00 -4.954587e-01
5.876307e+00 -4.817537e-01
5.883766e+00 -4.679298e-01
5.891007e+00 -4.539905e-01
5.898028e+00 -4.399392e-01
5.904827e+00 -4.257793e-01
5.911403e+00 -4.115144e-01
5.917755e+00 -3.971479e-01
5.923880e+00 -3.826834e-01
5.929776e+00 -3.681246e-01
5.935444e+00 -3.534748e-01
5.940881e+00 -3.387379e-01
5.946085e+00 -3.239174e-01
5.951057e+00 -3.090170e-01
5.955793e+00 -2.940403e-01
5.960294e+00 -2.789911e-01
5.964557e+00 -2.638731e-01
5.968583e+00 -2.486899e-01
5.972370e+00 -2.334454e-01
5.975917e+00 -2.181432e-01
5.979223e+00 -2.027873e-01
5.982287e+00 -1.873813e-01
5.985109e+00 -1.719291e-01
5.987688e+00 -1.564345e-01
5.990024e+00 -1.409012e-01
5.992115e+00 -1.253332e-01
5.993961e+00 -1.097343e-01
5.995562e+00 -9.410831e-02
5.996917e+00 -7.845910e-02
5.998027e+00 -6.279052e-02
5.998890e+00 -4.710645e-02
5.999507e+00 -3.141076e-02
5.999877e+00 -1.570732e-02
#
#c0
1.280000e+01 0.000000e+00
1.279990e+01 1.256585e-02
1.279961e+01 2.512861e-02
1.279911e+01 3.768516e-02
1.279842e+01 5.023242e-02
1.279753e+01 6.276728e-02
1.279645e+01 7.528665e-02
1.279517e+01 8.778745e-02
1.279369e+01 1.002666e-01
1.279202e+01 1.127210e-01
1.279015e+01 1.251476e-01
1.278809e+01 1.375433e-01
1.278583e+01 1.499051e-01
1.278338e+01 1.622298e-01
1.278073e+01 1.745146e-01
1.277790e+01 1.867563e-01
1.277487e+01 1.989519e-01
1.277165e+01 2.110984e-01
1.276823e+01 2.231929e-01
1.276463e+01 2.352323e-01
1.276085e+01 2.472136e-01
1.275687e+01 2.591339e-01
1.275270e+01 2.709903e-01
1.274836e+01 2.827799e-01
1.274382e+01 2.944996e-01
1.273910e+01 3.061467e-01
1.273420e+01 3.177183e-01
1.272912e+01 3.292115e-01
1.272386e+01 3.406234e-01
1.271842e+01 3.519513e-01
1.271281e+01 3.631924e-01
1.270701e+01 3.743439e-01
1.270105e+01 3.854029e-01
1.269491e+01 3.963669e-01
1.268859e+01 4.072331e-01
1.268211e+01 4.179989e-01
1.267546e+01 4.286614e-01
1.266865e+01 4.392183e-01
1.266166e+01 4.496667e-01
1.265452e+01 4.600042e-01
1.264721e+01 4.702282e-01
1.263975e+01 4.803362e-01
1.263212e+01 4.903256e-01
1.262434e+01 5.001941e-01
1.261641e+01 5.099392e-01
1.260832e+01 5.195584e-01
1.260009e+01 5.290495e-01
1.259170e+01 5.384100e-01
1.258317e+01 5.476377e-01
1.257450e+01 5.567302e-01
1.256569e+01 5.656854e-01
1.255673e+01 5.745010e-01
1.254764e+01 5.831749e-01
1.253841e+01 5.917049e-01
1.252905e+01 6.000889e-01
1.251956e+01 6.083248e-01
1.250994e+01 6.164106e-01
1.250019e+01 6.243443e-01
1.249033e+01 6.321240e-01
1.248034e+01 6.397477e-01
1.247023e+01 6.472136e-01
1.246000e+01 6.545198e-01
1.244967e+01 6.616645e-01
1.243922e+01 6.686459e-01
1.242866e+01 6.754623e-01
1.241800e+01 6.821121e-01
1.240723e+01 6.885936e-01
1.239637e+01 6.949052e-01
1.238540e+01 7.010453e-01
1.237434e+01 7.070125e-01
1.236319e+01 7.128052e-01
1.235195e+01 7.184221e-01
1.234062e+01 7.238616e-01
1.232921e+01 7.291226e-01
1.231772e+01 7.342037e-01
1.230615e+01 7.391036e-01
1.229450e+01 7.438212e-01
1.228278e+01 7.483552e-01
1.227099e+01 7.527046e-01
1.225913e+01 7.568683e-01
1.224721e+01 7.608452e-01
1.223523e+01 7.646344e-01
1.222319e+01 7.682349e-01
1.221110e+01 7.716459e-01
1.219895e+01 7.748665e-01
1.218676e+01 7.778959e-01
1.217451e+01 7.807334e-01
1.216223e+01 7.833782e-01
1.214991e+01 7.858298e-01
1.213754e+01 7.880875e-01
1.212515e+01 7.901507e-01
1.211272e+01 7.920189e-01
1.210027e+01 7.936918e-01
1.208779e+01 7.951688e-01
1.207529e+01 7.964496e-01
1.206277e+01 7.975339e-01
1.205023e+01 7.984214e-01
1.203769e+01 7.991119e-01
1.202513e+01 7.996052e-01
1.201257e+01 7.999013e-01
1.200000e+01 8.000000e-01
1.198743e+01 7.999013e-01
1.197487e+01 7.996052e-01
1.196231e+01 7.991119e-01
1.194977e+01 7.984214e-01
1.193723e+01 7.975339e-01
1.192471e+01 7.964496e-01
1.191221e+01 7.951688e-01
1.189973e+01 7.936918e-01
1.188728e+01 7.920189e-01
1.187485e+01 7.901507e-01
1.186246e+01 7.880875e-01
1.185009e+01 7.858298e-01
1.183777e+01 7.833782e-01
1.182549e+01 7.807334e-01
1.181324e+01 7.778959e-01
1.180105e+01 7.748665e-01
1.178890e+01 7.716459e-01
1.177681e+01 7.682349e-01
1.176477e+01 7.646344e-01
1.175279e+01 7.608452e-01
1.174087e+01 7.568683e-01
1.172901e+01 7.527046e-01
1.171722e+01 7.483552e-01
1.170550e+01 7.438212e-01
1.169385e+01 7.391036e-01
1.168228e+01 7.342037e-01
1.167079e+01 7.291226e-01
1.165938e+01 7.238616e-01
1.164805e+01 7.184221e-01
1.163681e+01 7.128052e-01
1.162566e+01 7.070125e-01
1.161460e+01 7.010453e-01
1.160363e+01 6.949052e-01
1.159277e+01 6.885936e-01
1.158200e+01 6.821121e-01
1.157134e+01 6.754623e-01
1.156078e+01 6.686459e-01
1.155033e+01 6.616645e-01
1.154000e+01 6.545198e-01
1.152977e+01 6.472136e-01
1.151966e+01 6.397477e-01
1.150967e+01 6.321240e-01
1.149981e+01 6.243443e-01
1.149006e+01 6.164106e-01
1.148044e+01 6.083248e-01
1.147095e+01 6.000889e-01
1.146159e+01 5.917049e-01
1.145236e+01 5.831749e-01
1.144327e+01 5.745010e-01
1.143431e+01 5.656854e-01
1.142550e+01 5.567302e-01
1.141683e+01 5.476377e-01
1.140830e+01 5.384100e-01
1.139991e+01 5.290495e-01
1.139168e+01 5.195584e-01
1.138359e+01 5.099392e-01
1.137566e+01 5.001941e-01
1.136788e+01 4.903256e-01
1.136025e+01 4.803362e-01
1.135279e+01 4.702282e-01
1.134548e+01 4.600042e-01
1.133834e+01 4.496667e-01
1.133135e+01 4.392183e-01
1.132454e+01 4.286614e-01
1.131789e+01 4.179989e-01
1.131141e+01 4.072331e-01
1.130509e+01 3.963669e-01
1.129895e+01 3.854029e-01
1.129299e+01 3.743439e-01
1.128719e+01 3.631924e-01
1.128158e+01 3.519513e-01
1.127614e+01 3.406234e-01
1.127088e+01 3.292115e-01
1.126580e+01 3.177183e-01
1.126090e+01 3.061467e-01
1.125618e+01 2.944996e-01
1.125164e+01 2.827799e-01
1.124730e+01 2.709903e-01
1.124313e+01 2.591339e-01
1.123915e+01 2.472136e-01
1.123537e+01 2.352323e-01
1.123177e+01 2.231929e-01
1.122835e+01 2.110984e-01
1.122513e+01 1.989519e-01
1.122210e+01 1.867563e-01
1.121927e+01 1.745146e-01
1.121662e+01 1.622298e-01
1.121417e+01 1.499051e-01
1.121191e+01 1.375433e-01
1.120985e+01 1.251476e-01
1.120798e+01 1.127210e-01
1.120631e+01 1.002666e-01
1.120483e+01 8.778745e-02
1.120355e+01 7.528665e-02
1.120247e+01 6.276728e-02
1.120158e+01 5.023242e-02
1.120089e+01 3.768516e-02
1.120039e+01 2.512861e-02
1.120010e+01 1.256585e-02
1.120000e+01 7.184450e-11
1.120010e+01 -1.256585e-02
1.120039e+01 -2.512861e-02
1.120089e+01 -3.768516e-02
1.120158e+01 -5.023242e-02
1.120247e+01 -6.276728e-02
1.120355e+01 -7.528665e-02
1.120483e+01 -8.778745e-02
1.120631e+01 -1.002666e-01
1.120798e+01 -1.127210e-01
1.120985e+01 -1.251476e-01
1.121191e+01 -1.375433e-01
1.121417e+01 -1.499051e-01
1.121662e+01 -1.622298e-01
1.121927e+01 -1.745146e-01
1.122210e+01 -1.867563e-01
1.122513e+01 -1.989519e-01
1.122835e+01 -2.110984e-01
1.123177e+01 -2.231929e-01
1.123537e+01 -2.352323e-01
1.123915e+01 -2.472136e-01
1.124313e+01 -2.591339e-01
1.124730e+01 -2.709903e-01
1.125164e+01 -2.827799e-01
1.125618e+01 -2.944996e-01
1.126090e+01 -3.061467e-01
1.126580e+01 -3.177183e-01
1.127088e+01 -3.292115e-01
1.127614e+01 -3.406234e-01
1.128158e+01 -3.519513e-01
1.128719e+01 -3.631924e-01
1.129299e+01 -3.743439e-01
1.129895e+01 -3.854029e-01
1.130509e+01 -3.963669e-01
1.131141e+01 -4.072331e-01
1.131789e+01 -4.179989e-01
1.132454e+01 -4.286614e-01
1.133135e+01 -4.392183e-01
1.133834e+01 -4.496667e-01
1.134548e+01 -4.600042e-01
1.135279e+01 -4.702282e-01
1.136025e+01 -4.803362e-01
1.136788e+01 -4.903256e-01
1.137566e+01 -5.001941e-01
1.138359e+01 -5.099392e-01
1.139168e+01 -5.195584e-01
1.139991e+01 -5.290495e-01
1.140830e+01 -5.384100e-01
1.141683e+01 -5.476377e-01
1.142550e+01 -5.567302e-01
1.143431e+01 -5.656854e-01
1.144327e+01 -5.745010e-01
1.145236e+01 -5.831749e-01
1.146159e+01 -5.917049e-01
1.147095e+01 -6.000889e-01
1.148044e+01 -6.083248e-01
1.149006e+01 -6.164106e-01
1.149981e+01 -6.243443e-01
1.150967e+01 -6.321240e-01
1.151966e+01 -6.397477e-01
1.152977e+01 -6.472136e-01
1.154000e+01 -6.545198e-01
1.155033e+01 -6.616645e-01
1.156078e+01 -6.686459e-01
1.157134e+01 -6.754623e-01
1.158200e+01 -6.821121e-01
1.159277e+01 -6.885936e-01
1.160363e+01 -6.949052e-01
1.161460e+01 -7.010453e-01
1.162566e+01 -7.070125e-01
1.163681e+01 -7.128052e-01
1.164805e+01 -7.184221e-01
1.165938e+01 -7.238616e-01
1.167079e+01 -7.291226e-01
1.168228e+01 -7.342037e-01
1.169385e+01 -7.391036e-01
1.170550e+01 -7.438212e-01
1.171722e+01 -7.483552e-01
1.172901e+01 -7.527046e-01
1.174087e+01 -7.568683e-01
1.175279e+01 -7.608452e-01
1.176477e+01 -7.646344e-01
1.177681e+01 -7.682349e-01
1.178890e+01 -7.716459e-01
1.180105e+01 -7.748665e-01
1.181324e+01 -7.778959e-01
1.182549e+01 -7.807334e-01
1.183777e+01 -7.833782e-01
1.185009e+01 -7.858298e-01
1.186246e+01 -7.880875e-01
1.187485e+01 -7.901507e-01
1.188728e+01 -7.920189e-01
1.189973e+01 -7.936918e-01
1.191221e+01 -7.951688e-01
1.192471e+01 -7.964496e-01
1.193723e+01 -7.975339e-01
1.194977e+01 -7.984214e-01
1.196231e+01 -7.991119e-01
1.197487e+01 -7.996052e-01
1.198743e+01 -7.999013e-01
1.200000e+01 -8.000000e-01
1.201257e+01 -7.999013e-01
1.202513e+01 -7.996052e-01
1.203769e+01 -7.991119e-01
1.205023e+01 -7.984214e-01
1.206277e+01 -7.975339e-01
1.207529e+01 -7.964496e-01
1.208779e+01 -7.951688e-01
1.210027e+01 -7.936918e-01
1.211272e+01 -7.920189e-01
1.212515e+01 -7.901507e-01
1.213754e+01 -7.880875e-01
1.214991e+01 -7.858298e-01
1.216223e+01 -7.833782e-01
1.217451e+01 -7.807334e-01
1.218676e+01 -7.778959e-01
1.219895e+01 -7.748665e-01
1.221110e+01 -7.716459e-01
1.222319e+01 -7.682349e-01
1.223523e+01 -7.646344e-01
1.224721e+01 -7.608452e-01
1.225913e+01 -7.568683e-01
1.227099e+01 -7.527046e-01
1.228278e+01 -7.483552e-01
1.229450e+01 -7.438212e-01
1.230615e+01 -7.391036e-01
1.231772e+01 -7.342037e-01
1.232921e+01 -7.291226e-01
1.234062e+01 -7.238616e-01
1.235195e+01 -7.184221e-01
1.236319e+01 -7.128052e-01
1.237434e+01 -7.070125e-01
1.238540e+01 -7.010453e-01
1.239637e+01 -6.949052e-01
1.240723e+01 -6.885936e-01
1.241800e+01 -6.821121e-01
1.242866e+01 -6.754623e-01
1.243922e+01 -6.686459e-01
1.244967e+01 -6.616645e-01
1.246000e+01 -6.545198e-01
1.247023e+01 -6.472136e-01
1.248034e+01 -6.397477e-01
1.249033e+01 -6.321240e-01
1.250019e+01 -6.243443e-01
1.250994e+01 -6.164106e-01
1.251956e+01 -6.083248e-01
1.252905e+01 -6.000889e-01
1.253841e+01 -5.917049e-01
1.254764e+01 -5.831749e-01
1.255673e+01 -5.745010e-01
1.256569e+01 -5.656854e-01
1.257450e+01 -5.567302e-01
1.258317e+01 -5.476377e-01
1.259170e+01 -5.384100e-01
1.260009e+01 -5.290495e-01
1.260832e+01 -5.195584e-01
1.261641e+01 -5.099392e-01
1.262434e+01 -5.001941e-01
1.263212e+01 -4.903256e-01
1.263975e+01 -4.803362e-01
1.264721e+01 -4.702282e-01
1.265452e+01 -4.600042e-01
1.266166e+01 -4.496667e-01
1.266865e+01 -4.392183e-01
1.267546e+01 -4.286614e-01
1.268211e+01 -4.179989e-01
1.268859e+01 -4.072331e-01
1.269491e+01 -3.963669e-01
1.270105e+01 -3.854029e-01
1.270701e+01 -3.743439e-01
1.271281e+01 -3.631924e-01
1.271842e+01 -3.519513e-01
1.272386e+01 -3.406234e-01
1.272912e+01 -3.292115e-01
1.273420e+01 -3.177183e-01
1.273910e+01 -3.061467e-01
1.274382e+01 -2.944996e-01
1.274836e+01 -2.827799e-01
1.275270e+01 -2.709903e-01
1.275687e+01 -2.591339e-01
1.276085e+01 -2.472136e-01
1.276463e+01 -2.352323e-01
1.276823e+01 -2.231929e-01
1.277165e+01 -2.110984e-01
1.277487e+01 -1.989519e-01
1.277790e+01 -1.867563e-01
1.278073e+01 -1.745146e-01
1.278338e+01 -1.622298e-01
1.278583e+01 -1.499051e-01
1.278809e+01 -1.375433e-01
1.279015e+01 -1.251476e-01
1.279202e+01 -1.127210e-01
1.279369e+01 -1.002666e-01
1.279517e+01 -8.778745e-02
1.279645e+01 -7.528665e-02
1.279753e+01 -6.276728e-02
1.279842e+01 -5.023242e-02
1.279911e+01 -3.768516e-02
1.279961e+01 -2.512861e-02
1.279990e+01 -1.256585e-02
#
